# Integration time (s): 0.1
# X	Y	Counts
-15.0	-15.0	4619.0
-14.5	-15.0	4308.0
-14.0	-15.0	4480.0
-13.5	-15.0	4504.0
-13.0	-15.0	4357.0
-12.5	-15.0	4591.0
-12.0	-15.0	4482.0
-11.5	-15.0	4658.0
-11.0	-15.0	4729.0
-10.5	-15.0	5028.0
-10.0	-15.0	4907.0
-9.5	-15.0	5358.0
-9.0	-15.0	5090.0
-8.5	-15.0	5064.0
-8.0	-15.0	5415.0
-7.5	-15.0	5429.0
-7.0	-15.0	5574.0
-6.5	-15.0	5722.0
-6.0	-15.0	6049.0
-5.5	-15.0	6265.0
-5.0	-15.0	6325.0
-4.5	-15.0	6764.0
-4.0	-15.0	7214.0
-3.5	-15.0	7177.0
-3.0	-15.0	7503.0
-2.5	-15.0	7729.0
-2.0	-15.0	8066.0
-1.5	-15.0	8149.0
-1.0	-15.0	8219.0
-0.5	-15.0	8597.0
0.0	-15.0	8906.0
0.5	-15.0	9123.0
1.0	-15.0	9749.0
1.5	-15.0	10481.0
2.0	-15.0	10566.0
2.5	-15.0	10705.0
3.0	-15.0	11182.0
3.5	-15.0	11600.0
4.0	-15.0	11870.0
4.5	-15.0	11754.0
5.0	-15.0	11537.0
5.5	-15.0	11438.0
6.0	-15.0	11567.0
6.5	-15.0	11558.0
7.0	-15.0	11632.0
7.5	-15.0	11083.0
8.0	-15.0	11261.0
8.5	-15.0	11461.0
9.0	-15.0	10648.0
9.5	-15.0	10696.0
10.0	-15.0	10583.0
10.5	-15.0	10939.0
11.0	-15.0	10460.0
11.5	-15.0	10610.0
12.0	-15.0	10898.0
12.5	-15.0	10576.0
13.0	-15.0	10642.0
13.5	-15.0	10116.0
14.0	-15.0	10114.0
14.5	-15.0	9481.0
15.0	-15.0	9171.0
15.0	-14.5	10105.0
14.5	-14.5	10662.0
14.0	-14.5	10673.0
13.5	-14.5	11403.0
13.0	-14.5	11335.0
12.5	-14.5	11652.0
12.0	-14.5	11722.0
11.5	-14.5	11496.0
11.0	-14.5	11228.0
10.5	-14.5	11595.0
10.0	-14.5	11597.0
9.5	-14.5	12193.0
9.0	-14.5	11860.0
8.5	-14.5	11690.0
8.0	-14.5	11494.0
7.5	-14.5	11946.0
7.0	-14.5	11967.0
6.5	-14.5	12252.0
6.0	-14.5	12554.0
5.5	-14.5	12858.0
5.0	-14.5	12809.0
4.5	-14.5	12517.0
4.0	-14.5	12142.0
3.5	-14.5	11904.0
3.0	-14.5	11692.0
2.5	-14.5	11315.0
2.0	-14.5	10623.0
1.5	-14.5	10484.0
1.0	-14.5	10528.0
0.5	-14.5	10100.0
0.0	-14.5	9485.0
-0.5	-14.5	8943.0
-1.0	-14.5	8628.0
-1.5	-14.5	8391.0
-2.0	-14.5	8403.0
-2.5	-14.5	8110.0
-3.0	-14.5	7877.0
-3.5	-14.5	7472.0
-4.0	-14.5	7085.0
-4.5	-14.5	6906.0
-5.0	-14.5	6287.0
-5.5	-14.5	6139.0
-6.0	-14.5	6246.0
-6.5	-14.5	6058.0
-7.0	-14.5	5797.0
-7.5	-14.5	5312.0
-8.0	-14.5	5142.0
-8.5	-14.5	5079.0
-9.0	-14.5	5030.0
-9.5	-14.5	5046.0
-10.0	-14.5	4924.0
-10.5	-14.5	4861.0
-11.0	-14.5	4549.0
-11.5	-14.5	4679.0
-12.0	-14.5	4507.0
-12.5	-14.5	4473.0
-13.0	-14.5	4335.0
-13.5	-14.5	4202.0
-14.0	-14.5	4418.0
-14.5	-14.5	4576.0
-15.0	-14.5	4597.0
-15.0	-14.0	4681.0
-14.5	-14.0	4549.0
-14.0	-14.0	4574.0
-13.5	-14.0	4438.0
-13.0	-14.0	4400.0
-12.5	-14.0	4415.0
-12.0	-14.0	4437.0
-11.5	-14.0	4506.0
-11.0	-14.0	4602.0
-10.5	-14.0	4735.0
-10.0	-14.0	4855.0
-9.5	-14.0	5127.0
-9.0	-14.0	4964.0
-8.5	-14.0	5319.0
-8.0	-14.0	5422.0
-7.5	-14.0	5651.0
-7.0	-14.0	5802.0
-6.5	-14.0	6086.0
-6.0	-14.0	6187.0
-5.5	-14.0	6512.0
-5.0	-14.0	6848.0
-4.5	-14.0	6944.0
-4.0	-14.0	7366.0
-3.5	-14.0	7983.0
-3.0	-14.0	8410.0
-2.5	-14.0	8596.0
-2.0	-14.0	8941.0
-1.5	-14.0	9091.0
-1.0	-14.0	9528.0
-0.5	-14.0	9791.0
0.0	-14.0	10474.0
0.5	-14.0	10817.0
1.0	-14.0	11301.0
1.5	-14.0	11473.0
2.0	-14.0	11464.0
2.5	-14.0	12288.0
3.0	-14.0	12557.0
3.5	-14.0	12575.0
4.0	-14.0	12886.0
4.5	-14.0	13407.0
5.0	-14.0	13784.0
5.5	-14.0	13918.0
6.0	-14.0	14172.0
6.5	-14.0	13618.0
7.0	-14.0	13362.0
7.5	-14.0	13133.0
8.0	-14.0	12933.0
8.5	-14.0	12990.0
9.0	-14.0	13471.0
9.5	-14.0	13274.0
10.0	-14.0	13489.0
10.5	-14.0	12932.0
11.0	-14.0	12977.0
11.5	-14.0	12673.0
12.0	-14.0	12610.0
12.5	-14.0	12414.0
13.0	-14.0	12762.0
13.5	-14.0	12921.0
14.0	-14.0	12471.0
14.5	-14.0	11800.0
15.0	-14.0	11153.0
15.0	-13.5	13202.0
14.5	-13.5	13658.0
14.0	-13.5	13872.0
13.5	-13.5	14035.0
13.0	-13.5	14391.0
12.5	-13.5	14226.0
12.0	-13.5	13822.0
11.5	-13.5	13751.0
11.0	-13.5	13950.0
10.5	-13.5	13995.0
10.0	-13.5	14302.0
9.5	-13.5	14779.0
9.0	-13.5	14914.0
8.5	-13.5	14574.0
8.0	-13.5	14668.0
7.5	-13.5	14603.0
7.0	-13.5	14383.0
6.5	-13.5	14489.0
6.0	-13.5	14603.0
5.5	-13.5	14520.0
5.0	-13.5	14462.0
4.5	-13.5	14391.0
4.0	-13.5	14598.0
3.5	-13.5	13985.0
3.0	-13.5	13349.0
2.5	-13.5	13551.0
2.0	-13.5	13033.0
1.5	-13.5	12682.0
1.0	-13.5	12427.0
0.5	-13.5	11827.0
0.0	-13.5	11149.0
-0.5	-13.5	10678.0
-1.0	-13.5	10205.0
-1.5	-13.5	9711.0
-2.0	-13.5	9181.0
-2.5	-13.5	8622.0
-3.0	-13.5	8612.0
-3.5	-13.5	7951.0
-4.0	-13.5	7766.0
-4.5	-13.5	7619.0
-5.0	-13.5	7246.0
-5.5	-13.5	6717.0
-6.0	-13.5	6472.0
-6.5	-13.5	6077.0
-7.0	-13.5	5800.0
-7.5	-13.5	5565.0
-8.0	-13.5	5328.0
-8.5	-13.5	5339.0
-9.0	-13.5	4942.0
-9.5	-13.5	4840.0
-10.0	-13.5	4617.0
-10.5	-13.5	4744.0
-11.0	-13.5	4498.0
-11.5	-13.5	4369.0
-12.0	-13.5	4528.0
-12.5	-13.5	4422.0
-13.0	-13.5	4498.0
-13.5	-13.5	4491.0
-14.0	-13.5	4505.0
-14.5	-13.5	4852.0
-15.0	-13.5	4562.0
-15.0	-13.0	4660.0
-14.5	-13.0	4644.0
-14.0	-13.0	4524.0
-13.5	-13.0	4413.0
-13.0	-13.0	4417.0
-12.5	-13.0	4343.0
-12.0	-13.0	4377.0
-11.5	-13.0	4461.0
-11.0	-13.0	4570.0
-10.5	-13.0	4742.0
-10.0	-13.0	4609.0
-9.5	-13.0	4896.0
-9.0	-13.0	5057.0
-8.5	-13.0	5200.0
-8.0	-13.0	5252.0
-7.5	-13.0	5656.0
-7.0	-13.0	5855.0
-6.5	-13.0	6223.0
-6.0	-13.0	6735.0
-5.5	-13.0	7108.0
-5.0	-13.0	7383.0
-4.5	-13.0	7933.0
-4.0	-13.0	7955.0
-3.5	-13.0	8457.0
-3.0	-13.0	9101.0
-2.5	-13.0	9277.0
-2.0	-13.0	9723.0
-1.5	-13.0	10279.0
-1.0	-13.0	11070.0
-0.5	-13.0	11453.0
0.0	-13.0	12404.0
0.5	-13.0	12351.0
1.0	-13.0	12679.0
1.5	-13.0	13768.0
2.0	-13.0	14131.0
2.5	-13.0	14728.0
3.0	-13.0	14841.0
3.5	-13.0	15654.0
4.0	-13.0	15749.0
4.5	-13.0	16283.0
5.0	-13.0	16623.0
5.5	-13.0	16972.0
6.0	-13.0	16785.0
6.5	-13.0	16989.0
7.0	-13.0	16719.0
7.5	-13.0	16288.0
8.0	-13.0	15688.0
8.5	-13.0	16122.0
9.0	-13.0	16324.0
9.5	-13.0	16628.0
10.0	-13.0	16268.0
10.5	-13.0	16071.0
11.0	-13.0	15786.0
11.5	-13.0	15605.0
12.0	-13.0	15072.0
12.5	-13.0	15686.0
13.0	-13.0	15810.0
13.5	-13.0	15339.0
14.0	-13.0	14942.0
14.5	-13.0	14771.0
15.0	-13.0	14841.0
15.0	-12.5	15906.0
14.5	-12.5	16130.0
14.0	-12.5	16649.0
13.5	-12.5	16549.0
13.0	-12.5	17102.0
12.5	-12.5	17544.0
12.0	-12.5	17737.0
11.5	-12.5	17894.0
11.0	-12.5	17838.0
10.5	-12.5	17624.0
10.0	-12.5	17483.0
9.5	-12.5	17466.0
9.0	-12.5	17799.0
8.5	-12.5	18328.0
8.0	-12.5	18448.0
7.5	-12.5	18419.0
7.0	-12.5	18302.0
6.5	-12.5	18465.0
6.0	-12.5	18720.0
5.5	-12.5	18484.0
5.0	-12.5	18164.0
4.5	-12.5	17221.0
4.0	-12.5	16748.0
3.5	-12.5	16970.0
3.0	-12.5	16690.0
2.5	-12.5	16420.0
2.0	-12.5	15773.0
1.5	-12.5	15162.0
1.0	-12.5	14103.0
0.5	-12.5	13598.0
0.0	-12.5	12654.0
-0.5	-12.5	12131.0
-1.0	-12.5	11413.0
-1.5	-12.5	10941.0
-2.0	-12.5	10274.0
-2.5	-12.5	10273.0
-3.0	-12.5	9800.0
-3.5	-12.5	9066.0
-4.0	-12.5	8674.0
-4.5	-12.5	8266.0
-5.0	-12.5	7833.0
-5.5	-12.5	7439.0
-6.0	-12.5	7013.0
-6.5	-12.5	6450.0
-7.0	-12.5	6059.0
-7.5	-12.5	5593.0
-8.0	-12.5	5575.0
-8.5	-12.5	5246.0
-9.0	-12.5	4877.0
-9.5	-12.5	4619.0
-10.0	-12.5	4658.0
-10.5	-12.5	4532.0
-11.0	-12.5	4484.0
-11.5	-12.5	4330.0
-12.0	-12.5	4220.0
-12.5	-12.5	4320.0
-13.0	-12.5	4351.0
-13.5	-12.5	4363.0
-14.0	-12.5	4670.0
-14.5	-12.5	4994.0
-15.0	-12.5	4705.0
-15.0	-12.0	4860.0
-14.5	-12.0	4699.0
-14.0	-12.0	4668.0
-13.5	-12.0	4686.0
-13.0	-12.0	4421.0
-12.5	-12.0	4336.0
-12.0	-12.0	4300.0
-11.5	-12.0	4362.0
-11.0	-12.0	4411.0
-10.5	-12.0	4557.0
-10.0	-12.0	4777.0
-9.5	-12.0	4978.0
-9.0	-12.0	5197.0
-8.5	-12.0	5402.0
-8.0	-12.0	5391.0
-7.5	-12.0	5702.0
-7.0	-12.0	6060.0
-6.5	-12.0	6575.0
-6.0	-12.0	6790.0
-5.5	-12.0	7522.0
-5.0	-12.0	8062.0
-4.5	-12.0	8237.0
-4.0	-12.0	8703.0
-3.5	-12.0	9537.0
-3.0	-12.0	10261.0
-2.5	-12.0	10968.0
-2.0	-12.0	10968.0
-1.5	-12.0	11642.0
-1.0	-12.0	11910.0
-0.5	-12.0	12206.0
0.0	-12.0	12693.0
0.5	-12.0	13830.0
1.0	-12.0	15239.0
1.5	-12.0	15968.0
2.0	-12.0	16966.0
2.5	-12.0	17570.0
3.0	-12.0	17737.0
3.5	-12.0	18296.0
4.0	-12.0	19179.0
4.5	-12.0	19191.0
5.0	-12.0	19873.0
5.5	-12.0	20189.0
6.0	-12.0	19989.0
6.5	-12.0	20404.0
7.0	-12.0	20189.0
7.5	-12.0	20129.0
8.0	-12.0	20356.0
8.5	-12.0	20535.0
9.0	-12.0	20463.0
9.5	-12.0	19710.0
10.0	-12.0	19748.0
10.5	-12.0	19127.0
11.0	-12.0	19118.0
11.5	-12.0	20265.0
12.0	-12.0	19928.0
12.5	-12.0	19875.0
13.0	-12.0	19407.0
13.5	-12.0	18895.0
14.0	-12.0	18866.0
14.5	-12.0	17925.0
15.0	-12.0	17696.0
15.0	-11.5	20045.0
14.5	-11.5	20919.0
14.0	-11.5	21397.0
13.5	-11.5	21536.0
13.0	-11.5	21900.0
12.5	-11.5	21380.0
12.0	-11.5	21491.0
11.5	-11.5	21553.0
11.0	-11.5	21564.0
10.5	-11.5	21923.0
10.0	-11.5	21464.0
9.5	-11.5	21958.0
9.0	-11.5	22781.0
8.5	-11.5	22280.0
8.0	-11.5	22396.0
7.5	-11.5	22515.0
7.0	-11.5	22398.0
6.5	-11.5	22339.0
6.0	-11.5	21629.0
5.5	-11.5	21724.0
5.0	-11.5	22059.0
4.5	-11.5	22075.0
4.0	-11.5	21398.0
3.5	-11.5	20681.0
3.0	-11.5	20083.0
2.5	-11.5	19024.0
2.0	-11.5	17883.0
1.5	-11.5	16426.0
1.0	-11.5	15544.0
0.5	-11.5	14488.0
0.0	-11.5	13544.0
-0.5	-11.5	13194.0
-1.0	-11.5	12988.0
-1.5	-11.5	12668.0
-2.0	-11.5	12432.0
-2.5	-11.5	11473.0
-3.0	-11.5	10894.0
-3.5	-11.5	9918.0
-4.0	-11.5	9205.0
-4.5	-11.5	8735.0
-5.0	-11.5	8149.0
-5.5	-11.5	7698.0
-6.0	-11.5	7430.0
-6.5	-11.5	6718.0
-7.0	-11.5	6211.0
-7.5	-11.5	5688.0
-8.0	-11.5	5632.0
-8.5	-11.5	5403.0
-9.0	-11.5	5169.0
-9.5	-11.5	4987.0
-10.0	-11.5	4911.0
-10.5	-11.5	4584.0
-11.0	-11.5	4470.0
-11.5	-11.5	4479.0
-12.0	-11.5	4397.0
-12.5	-11.5	4391.0
-13.0	-11.5	4594.0
-13.5	-11.5	4740.0
-14.0	-11.5	4664.0
-14.5	-11.5	4826.0
-15.0	-11.5	4788.0
-15.0	-11.0	4847.0
-14.5	-11.0	4640.0
-14.0	-11.0	4859.0
-13.5	-11.0	4909.0
-13.0	-11.0	4537.0
-12.5	-11.0	4354.0
-12.0	-11.0	4525.0
-11.5	-11.0	4566.0
-11.0	-11.0	4462.0
-10.5	-11.0	4710.0
-10.0	-11.0	5011.0
-9.5	-11.0	4761.0
-9.0	-11.0	5223.0
-8.5	-11.0	5341.0
-8.0	-11.0	5493.0
-7.5	-11.0	5859.0
-7.0	-11.0	6293.0
-6.5	-11.0	6905.0
-6.0	-11.0	7194.0
-5.5	-11.0	7866.0
-5.0	-11.0	8389.0
-4.5	-11.0	9116.0
-4.0	-11.0	9554.0
-3.5	-11.0	10142.0
-3.0	-11.0	10797.0
-2.5	-11.0	11953.0
-2.0	-11.0	12760.0
-1.5	-11.0	13318.0
-1.0	-11.0	14201.0
-0.5	-11.0	14546.0
0.0	-11.0	14922.0
0.5	-11.0	15860.0
1.0	-11.0	16649.0
1.5	-11.0	18444.0
2.0	-11.0	19595.0
2.5	-11.0	20799.0
3.0	-11.0	22594.0
3.5	-11.0	23188.0
4.0	-11.0	23624.0
4.5	-11.0	23969.0
5.0	-11.0	24438.0
5.5	-11.0	24754.0
6.0	-11.0	24722.0
6.5	-11.0	25116.0
7.0	-11.0	25159.0
7.5	-11.0	25133.0
8.0	-11.0	26022.0
8.5	-11.0	25936.0
9.0	-11.0	25790.0
9.5	-11.0	26069.0
10.0	-11.0	25689.0
10.5	-11.0	25353.0
11.0	-11.0	25322.0
11.5	-11.0	25342.0
12.0	-11.0	25488.0
12.5	-11.0	24454.0
13.0	-11.0	23919.0
13.5	-11.0	24478.0
14.0	-11.0	23648.0
14.5	-11.0	23242.0
15.0	-11.0	23339.0
15.0	-10.5	25904.0
14.5	-10.5	26015.0
14.0	-10.5	26971.0
13.5	-10.5	26386.0
13.0	-10.5	26639.0
12.5	-10.5	27703.0
12.0	-10.5	27792.0
11.5	-10.5	28045.0
11.0	-10.5	28089.0
10.5	-10.5	28808.0
10.0	-10.5	28263.0
9.5	-10.5	27887.0
9.0	-10.5	28056.0
8.5	-10.5	28876.0
8.0	-10.5	28544.0
7.5	-10.5	28615.0
7.0	-10.5	28203.0
6.5	-10.5	28181.0
6.0	-10.5	27900.0
5.5	-10.5	28172.0
5.0	-10.5	27068.0
4.5	-10.5	25867.0
4.0	-10.5	24994.0
3.5	-10.5	24271.0
3.0	-10.5	24026.0
2.5	-10.5	22222.0
2.0	-10.5	20301.0
1.5	-10.5	19709.0
1.0	-10.5	18621.0
0.5	-10.5	17513.0
0.0	-10.5	17009.0
-0.5	-10.5	15254.0
-1.0	-10.5	14460.0
-1.5	-10.5	13959.0
-2.0	-10.5	13314.0
-2.5	-10.5	12628.0
-3.0	-10.5	11545.0
-3.5	-10.5	10353.0
-4.0	-10.5	10330.0
-4.5	-10.5	9461.0
-5.0	-10.5	8500.0
-5.5	-10.5	8116.0
-6.0	-10.5	7549.0
-6.5	-10.5	7012.0
-7.0	-10.5	6389.0
-7.5	-10.5	5962.0
-8.0	-10.5	5559.0
-8.5	-10.5	5154.0
-9.0	-10.5	5350.0
-9.5	-10.5	5109.0
-10.0	-10.5	5001.0
-10.5	-10.5	4695.0
-11.0	-10.5	4738.0
-11.5	-10.5	4422.0
-12.0	-10.5	4543.0
-12.5	-10.5	4631.0
-13.0	-10.5	4465.0
-13.5	-10.5	4649.0
-14.0	-10.5	4500.0
-14.5	-10.5	4702.0
-15.0	-10.5	4762.0
-15.0	-10.0	4610.0
-14.5	-10.0	4548.0
-14.0	-10.0	4799.0
-13.5	-10.0	4606.0
-13.0	-10.0	4748.0
-12.5	-10.0	4918.0
-12.0	-10.0	4781.0
-11.5	-10.0	4754.0
-11.0	-10.0	4881.0
-10.5	-10.0	4793.0
-10.0	-10.0	4964.0
-9.5	-10.0	5212.0
-9.0	-10.0	5432.0
-8.5	-10.0	5241.0
-8.0	-10.0	5549.0
-7.5	-10.0	5761.0
-7.0	-10.0	6327.0
-6.5	-10.0	6831.0
-6.0	-10.0	7590.0
-5.5	-10.0	8521.0
-5.0	-10.0	9134.0
-4.5	-10.0	9728.0
-4.0	-10.0	10572.0
-3.5	-10.0	11247.0
-3.0	-10.0	12237.0
-2.5	-10.0	13398.0
-2.0	-10.0	13943.0
-1.5	-10.0	15286.0
-1.0	-10.0	15954.0
-0.5	-10.0	16909.0
0.0	-10.0	17444.0
0.5	-10.0	18851.0
1.0	-10.0	19390.0
1.5	-10.0	20304.0
2.0	-10.0	22128.0
2.5	-10.0	23450.0
3.0	-10.0	24121.0
3.5	-10.0	25499.0
4.0	-10.0	27278.0
4.5	-10.0	28755.0
5.0	-10.0	29078.0
5.5	-10.0	29892.0
6.0	-10.0	30746.0
6.5	-10.0	31488.0
7.0	-10.0	31393.0
7.5	-10.0	31155.0
8.0	-10.0	30666.0
8.5	-10.0	31582.0
9.0	-10.0	31748.0
9.5	-10.0	32149.0
10.0	-10.0	32560.0
10.5	-10.0	32493.0
11.0	-10.0	31081.0
11.5	-10.0	31277.0
12.0	-10.0	30476.0
12.5	-10.0	29775.0
13.0	-10.0	29749.0
13.5	-10.0	29372.0
14.0	-10.0	29052.0
14.5	-10.0	28867.0
15.0	-10.0	28446.0
15.0	-9.5	31854.0
14.5	-9.5	32900.0
14.0	-9.5	33582.0
13.5	-9.5	33955.0
13.0	-9.5	34153.0
12.5	-9.5	34807.0
12.0	-9.5	34955.0
11.5	-9.5	34897.0
11.0	-9.5	35418.0
10.5	-9.5	35590.0
10.0	-9.5	35481.0
9.5	-9.5	34644.0
9.0	-9.5	35091.0
8.5	-9.5	34959.0
8.0	-9.5	35446.0
7.5	-9.5	36257.0
7.0	-9.5	35566.0
6.5	-9.5	34939.0
6.0	-9.5	33939.0
5.5	-9.5	32934.0
5.0	-9.5	31568.0
4.5	-9.5	29887.0
4.0	-9.5	29436.0
3.5	-9.5	28220.0
3.0	-9.5	26980.0
2.5	-9.5	25289.0
2.0	-9.5	24172.0
1.5	-9.5	22295.0
1.0	-9.5	21288.0
0.5	-9.5	20174.0
0.0	-9.5	18909.0
-0.5	-9.5	17454.0
-1.0	-9.5	17191.0
-1.5	-9.5	16073.0
-2.0	-9.5	14918.0
-2.5	-9.5	13864.0
-3.0	-9.5	13150.0
-3.5	-9.5	12376.0
-4.0	-9.5	11134.0
-4.5	-9.5	10109.0
-5.0	-9.5	9710.0
-5.5	-9.5	8627.0
-6.0	-9.5	7701.0
-6.5	-9.5	7146.0
-7.0	-9.5	6480.0
-7.5	-9.5	5899.0
-8.0	-9.5	5647.0
-8.5	-9.5	5283.0
-9.0	-9.5	5153.0
-9.5	-9.5	4902.0
-10.0	-9.5	5023.0
-10.5	-9.5	4717.0
-11.0	-9.5	4676.0
-11.5	-9.5	4682.0
-12.0	-9.5	4857.0
-12.5	-9.5	4641.0
-13.0	-9.5	4557.0
-13.5	-9.5	4484.0
-14.0	-9.5	4552.0
-14.5	-9.5	4545.0
-15.0	-9.5	4511.0
-15.0	-9.0	4550.0
-14.5	-9.0	4489.0
-14.0	-9.0	4467.0
-13.5	-9.0	4754.0
-13.0	-9.0	4854.0
-12.5	-9.0	4840.0
-12.0	-9.0	4778.0
-11.5	-9.0	4619.0
-11.0	-9.0	5038.0
-10.5	-9.0	4741.0
-10.0	-9.0	4923.0
-9.5	-9.0	4889.0
-9.0	-9.0	5047.0
-8.5	-9.0	5525.0
-8.0	-9.0	5763.0
-7.5	-9.0	6261.0
-7.0	-9.0	6561.0
-6.5	-9.0	7178.0
-6.0	-9.0	7913.0
-5.5	-9.0	8511.0
-5.0	-9.0	9556.0
-4.5	-9.0	10491.0
-4.0	-9.0	11426.0
-3.5	-9.0	12820.0
-3.0	-9.0	13881.0
-2.5	-9.0	14698.0
-2.0	-9.0	16253.0
-1.5	-9.0	17051.0
-1.0	-9.0	17914.0
-0.5	-9.0	18885.0
0.0	-9.0	20318.0
0.5	-9.0	21533.0
1.0	-9.0	23044.0
1.5	-9.0	24368.0
2.0	-9.0	25612.0
2.5	-9.0	27227.0
3.0	-9.0	29053.0
3.5	-9.0	29990.0
4.0	-9.0	30993.0
4.5	-9.0	32880.0
5.0	-9.0	34893.0
5.5	-9.0	36746.0
6.0	-9.0	37981.0
6.5	-9.0	37433.0
7.0	-9.0	38028.0
7.5	-9.0	39176.0
8.0	-9.0	38967.0
8.5	-9.0	38080.0
9.0	-9.0	38953.0
9.5	-9.0	39224.0
10.0	-9.0	37962.0
10.5	-9.0	38584.0
11.0	-9.0	38454.0
11.5	-9.0	38572.0
12.0	-9.0	39849.0
12.5	-9.0	39276.0
13.0	-9.0	39226.0
13.5	-9.0	39291.0
14.0	-9.0	38145.0
14.5	-9.0	36630.0
15.0	-9.0	36098.0
15.0	-8.5	40629.0
14.5	-8.5	41751.0
14.0	-8.5	42849.0
13.5	-8.5	43314.0
13.0	-8.5	44248.0
12.5	-8.5	43890.0
12.0	-8.5	43424.0
11.5	-8.5	42993.0
11.0	-8.5	42779.0
10.5	-8.5	41729.0
10.0	-8.5	43433.0
9.5	-8.5	43913.0
9.0	-8.5	42305.0
8.5	-8.5	41711.0
8.0	-8.5	42390.0
7.5	-8.5	43137.0
7.0	-8.5	41948.0
6.5	-8.5	40665.0
6.0	-8.5	40314.0
5.5	-8.5	40356.0
5.0	-8.5	39632.0
4.5	-8.5	37978.0
4.0	-8.5	35086.0
3.5	-8.5	32615.0
3.0	-8.5	31452.0
2.5	-8.5	29693.0
2.0	-8.5	28027.0
1.5	-8.5	26323.0
1.0	-8.5	25235.0
0.5	-8.5	23224.0
0.0	-8.5	21816.0
-0.5	-8.5	20353.0
-1.0	-8.5	19348.0
-1.5	-8.5	18138.0
-2.0	-8.5	16755.0
-2.5	-8.5	15764.0
-3.0	-8.5	14463.0
-3.5	-8.5	13246.0
-4.0	-8.5	11962.0
-4.5	-8.5	11020.0
-5.0	-8.5	9940.0
-5.5	-8.5	8852.0
-6.0	-8.5	8086.0
-6.5	-8.5	7306.0
-7.0	-8.5	6937.0
-7.5	-8.5	6377.0
-8.0	-8.5	5966.0
-8.5	-8.5	5690.0
-9.0	-8.5	5389.0
-9.5	-8.5	5270.0
-10.0	-8.5	4972.0
-10.5	-8.5	5047.0
-11.0	-8.5	4870.0
-11.5	-8.5	4778.0
-12.0	-8.5	4864.0
-12.5	-8.5	4787.0
-13.0	-8.5	4816.0
-13.5	-8.5	4858.0
-14.0	-8.5	4629.0
-14.5	-8.5	4668.0
-15.0	-8.5	4548.0
-15.0	-8.0	4847.0
-14.5	-8.0	4655.0
-14.0	-8.0	4605.0
-13.5	-8.0	4841.0
-13.0	-8.0	4857.0
-12.5	-8.0	4865.0
-12.0	-8.0	4837.0
-11.5	-8.0	4928.0
-11.0	-8.0	5002.0
-10.5	-8.0	4944.0
-10.0	-8.0	5068.0
-9.5	-8.0	5321.0
-9.0	-8.0	5383.0
-8.5	-8.0	5791.0
-8.0	-8.0	6183.0
-7.5	-8.0	6594.0
-7.0	-8.0	7037.0
-6.5	-8.0	7332.0
-6.0	-8.0	8227.0
-5.5	-8.0	9021.0
-5.0	-8.0	9810.0
-4.5	-8.0	11145.0
-4.0	-8.0	12575.0
-3.5	-8.0	13737.0
-3.0	-8.0	15359.0
-2.5	-8.0	16889.0
-2.0	-8.0	17978.0
-1.5	-8.0	19556.0
-1.0	-8.0	21097.0
-0.5	-8.0	22622.0
0.0	-8.0	23704.0
0.5	-8.0	25304.0
1.0	-8.0	27182.0
1.5	-8.0	28380.0
2.0	-8.0	30160.0
2.5	-8.0	31313.0
3.0	-8.0	32983.0
3.5	-8.0	35480.0
4.0	-8.0	38606.0
4.5	-8.0	40257.0
5.0	-8.0	41826.0
5.5	-8.0	43244.0
6.0	-8.0	45929.0
6.5	-8.0	48057.0
7.0	-8.0	47137.0
7.5	-8.0	47503.0
8.0	-8.0	49004.0
8.5	-8.0	50494.0
9.0	-8.0	50052.0
9.5	-8.0	47790.0
10.0	-8.0	46881.0
10.5	-8.0	47041.0
11.0	-8.0	46946.0
11.5	-8.0	47813.0
12.0	-8.0	46896.0
12.5	-8.0	47945.0
13.0	-8.0	48526.0
13.5	-8.0	47869.0
14.0	-8.0	47319.0
14.5	-8.0	46201.0
15.0	-8.0	46177.0
15.0	-7.5	52189.0
14.5	-7.5	52332.0
14.0	-7.5	51994.0
13.5	-7.5	52848.0
13.0	-7.5	53357.0
12.5	-7.5	52382.0
12.0	-7.5	53062.0
11.5	-7.5	51605.0
11.0	-7.5	52452.0
10.5	-7.5	52373.0
10.0	-7.5	53562.0
9.5	-7.5	53879.0
9.0	-7.5	51879.0
8.5	-7.5	52028.0
8.0	-7.5	53215.0
7.5	-7.5	52266.0
7.0	-7.5	49619.0
6.5	-7.5	48898.0
6.0	-7.5	50160.0
5.5	-7.5	48747.0
5.0	-7.5	44711.0
4.5	-7.5	42135.0
4.0	-7.5	39948.0
3.5	-7.5	38514.0
3.0	-7.5	36200.0
2.5	-7.5	33906.0
2.0	-7.5	33544.0
1.5	-7.5	30758.0
1.0	-7.5	29153.0
0.5	-7.5	27980.0
0.0	-7.5	25721.0
-0.5	-7.5	23909.0
-1.0	-7.5	21736.0
-1.5	-7.5	20256.0
-2.0	-7.5	18360.0
-2.5	-7.5	16759.0
-3.0	-7.5	15317.0
-3.5	-7.5	14072.0
-4.0	-7.5	12488.0
-4.5	-7.5	11139.0
-5.0	-7.5	10064.0
-5.5	-7.5	8899.0
-6.0	-7.5	8182.0
-6.5	-7.5	7259.0
-7.0	-7.5	6942.0
-7.5	-7.5	6625.0
-8.0	-7.5	6181.0
-8.5	-7.5	5990.0
-9.0	-7.5	5633.0
-9.5	-7.5	5573.0
-10.0	-7.5	5257.0
-10.5	-7.5	5137.0
-11.0	-7.5	5043.0
-11.5	-7.5	5006.0
-12.0	-7.5	4976.0
-12.5	-7.5	4892.0
-13.0	-7.5	4836.0
-13.5	-7.5	4795.0
-14.0	-7.5	4663.0
-14.5	-7.5	4716.0
-15.0	-7.5	4668.0
-15.0	-7.0	4798.0
-14.5	-7.0	4682.0
-14.0	-7.0	4668.0
-13.5	-7.0	4671.0
-13.0	-7.0	4921.0
-12.5	-7.0	4912.0
-12.0	-7.0	5040.0
-11.5	-7.0	4975.0
-11.0	-7.0	4909.0
-10.5	-7.0	5318.0
-10.0	-7.0	5622.0
-9.5	-7.0	5471.0
-9.0	-7.0	5780.0
-8.5	-7.0	6066.0
-8.0	-7.0	5983.0
-7.5	-7.0	6364.0
-7.0	-7.0	7050.0
-6.5	-7.0	7563.0
-6.0	-7.0	8011.0
-5.5	-7.0	8800.0
-5.0	-7.0	10071.0
-4.5	-7.0	11132.0
-4.0	-7.0	12283.0
-3.5	-7.0	13660.0
-3.0	-7.0	15384.0
-2.5	-7.0	16949.0
-2.0	-7.0	18497.0
-1.5	-7.0	20044.0
-1.0	-7.0	22829.0
-0.5	-7.0	25073.0
0.0	-7.0	26880.0
0.5	-7.0	29328.0
1.0	-7.0	30000.0
1.5	-7.0	32506.0
2.0	-7.0	35614.0
2.5	-7.0	36691.0
3.0	-7.0	39851.0
3.5	-7.0	41333.0
4.0	-7.0	43360.0
4.5	-7.0	45577.0
5.0	-7.0	49652.0
5.5	-7.0	50964.0
6.0	-7.0	52785.0
6.5	-7.0	59792.0
7.0	-7.0	68633.0
7.5	-7.0	72155.0
8.0	-7.0	74036.0
8.5	-7.0	75968.0
9.0	-7.0	67414.0
9.5	-7.0	58504.0
10.0	-7.0	60564.0
10.5	-7.0	59950.0
11.0	-7.0	58227.0
11.5	-7.0	58638.0
12.0	-7.0	57775.0
12.5	-7.0	56819.0
13.0	-7.0	57158.0
13.5	-7.0	57675.0
14.0	-7.0	57176.0
14.5	-7.0	56749.0
15.0	-7.0	56999.0
15.0	-6.5	62022.0
14.5	-6.5	62175.0
14.0	-6.5	62657.0
13.5	-6.5	62546.0
13.0	-6.5	62534.0
12.5	-6.5	64194.0
12.0	-6.5	65018.0
11.5	-6.5	66569.0
11.0	-6.5	65259.0
10.5	-6.5	66549.0
10.0	-6.5	65604.0
9.5	-6.5	77081.0
9.0	-6.5	83948.0
8.5	-6.5	77808.0
8.0	-6.5	75240.0
7.5	-6.5	71438.0
7.0	-6.5	69224.0
6.5	-6.5	71378.0
6.0	-6.5	66289.0
5.5	-6.5	56851.0
5.0	-6.5	53984.0
4.5	-6.5	52024.0
4.0	-6.5	48094.0
3.5	-6.5	44924.0
3.0	-6.5	42363.0
2.5	-6.5	39941.0
2.0	-6.5	37707.0
1.5	-6.5	36208.0
1.0	-6.5	32873.0
0.5	-6.5	29843.0
0.0	-6.5	28208.0
-0.5	-6.5	25098.0
-1.0	-6.5	23808.0
-1.5	-6.5	21390.0
-2.0	-6.5	18867.0
-2.5	-6.5	17227.0
-3.0	-6.5	15621.0
-3.5	-6.5	14142.0
-4.0	-6.5	12600.0
-4.5	-6.5	11135.0
-5.0	-6.5	9964.0
-5.5	-6.5	8918.0
-6.0	-6.5	8137.0
-6.5	-6.5	7283.0
-7.0	-6.5	6952.0
-7.5	-6.5	6599.0
-8.0	-6.5	6216.0
-8.5	-6.5	6045.0
-9.0	-6.5	5580.0
-9.5	-6.5	5379.0
-10.0	-6.5	5522.0
-10.5	-6.5	5257.0
-11.0	-6.5	5082.0
-11.5	-6.5	4981.0
-12.0	-6.5	4975.0
-12.5	-6.5	5068.0
-13.0	-6.5	4710.0
-13.5	-6.5	4547.0
-14.0	-6.5	4600.0
-14.5	-6.5	4572.0
-15.0	-6.5	4528.0
-15.0	-6.0	4509.0
-14.5	-6.0	4521.0
-14.0	-6.0	4525.0
-13.5	-6.0	4745.0
-13.0	-6.0	4999.0
-12.5	-6.0	4875.0
-12.0	-6.0	4848.0
-11.5	-6.0	5072.0
-11.0	-6.0	5154.0
-10.5	-6.0	5210.0
-10.0	-6.0	5373.0
-9.5	-6.0	5609.0
-9.0	-6.0	5695.0
-8.5	-6.0	5807.0
-8.0	-6.0	5774.0
-7.5	-6.0	6192.0
-7.0	-6.0	6792.0
-6.5	-6.0	7525.0
-6.0	-6.0	8110.0
-5.5	-6.0	8750.0
-5.0	-6.0	9792.0
-4.5	-6.0	11128.0
-4.0	-6.0	12761.0
-3.5	-6.0	14322.0
-3.0	-6.0	16058.0
-2.5	-6.0	17748.0
-2.0	-6.0	19991.0
-1.5	-6.0	21929.0
-1.0	-6.0	23794.0
-0.5	-6.0	25972.0
0.0	-6.0	28038.0
0.5	-6.0	30601.0
1.0	-6.0	34547.0
1.5	-6.0	37031.0
2.0	-6.0	39527.0
2.5	-6.0	42163.0
3.0	-6.0	44773.0
3.5	-6.0	49014.0
4.0	-6.0	52579.0
4.5	-6.0	57015.0
5.0	-6.0	57591.0
5.5	-6.0	66043.0
6.0	-6.0	71161.0
6.5	-6.0	75182.0
7.0	-6.0	98589.0
7.5	-6.0	125573.0
8.0	-6.0	140464.0
8.5	-6.0	131622.0
9.0	-6.0	94348.0
9.5	-6.0	88337.0
10.0	-6.0	80371.0
10.5	-6.0	75548.0
11.0	-6.0	75729.0
11.5	-6.0	72835.0
12.0	-6.0	72435.0
12.5	-6.0	71028.0
13.0	-6.0	70387.0
13.5	-6.0	68663.0
14.0	-6.0	69091.0
14.5	-6.0	68076.0
15.0	-6.0	68025.0
15.0	-5.5	75357.0
14.5	-5.5	76471.0
14.0	-5.5	76167.0
13.5	-5.5	76893.0
13.0	-5.5	79110.0
12.5	-5.5	79757.0
12.0	-5.5	81990.0
11.5	-5.5	83247.0
11.0	-5.5	89512.0
10.5	-5.5	92383.0
10.0	-5.5	102862.0
9.5	-5.5	104835.0
9.0	-5.5	142079.0
8.5	-5.5	168201.0
8.0	-5.5	156181.0
7.5	-5.5	139879.0
7.0	-5.5	133625.0
6.5	-5.5	112101.0
6.0	-5.5	76920.0
5.5	-5.5	73419.0
5.0	-5.5	63313.0
4.5	-5.5	59483.0
4.0	-5.5	56907.0
3.5	-5.5	52947.0
3.0	-5.5	48542.0
2.5	-5.5	43953.0
2.0	-5.5	41381.0
1.5	-5.5	37435.0
1.0	-5.5	34928.0
0.5	-5.5	31362.0
0.0	-5.5	28156.0
-0.5	-5.5	25919.0
-1.0	-5.5	23260.0
-1.5	-5.5	21944.0
-2.0	-5.5	20095.0
-2.5	-5.5	17892.0
-3.0	-5.5	15965.0
-3.5	-5.5	14172.0
-4.0	-5.5	12465.0
-4.5	-5.5	11282.0
-5.0	-5.5	9843.0
-5.5	-5.5	8660.0
-6.0	-5.5	8203.0
-6.5	-5.5	7784.0
-7.0	-5.5	6931.0
-7.5	-5.5	6544.0
-8.0	-5.5	6165.0
-8.5	-5.5	6132.0
-9.0	-5.5	5571.0
-9.5	-5.5	5760.0
-10.0	-5.5	5672.0
-10.5	-5.5	5440.0
-11.0	-5.5	5397.0
-11.5	-5.5	5163.0
-12.0	-5.5	5186.0
-12.5	-5.5	4948.0
-13.0	-5.5	4710.0
-13.5	-5.5	4652.0
-14.0	-5.5	4590.0
-14.5	-5.5	4436.0
-15.0	-5.5	4423.0
-15.0	-5.0	4465.0
-14.5	-5.0	4447.0
-14.0	-5.0	4739.0
-13.5	-5.0	4599.0
-13.0	-5.0	4827.0
-12.5	-5.0	5011.0
-12.0	-5.0	5128.0
-11.5	-5.0	5121.0
-11.0	-5.0	5505.0
-10.5	-5.0	5417.0
-10.0	-5.0	5578.0
-9.5	-5.0	5726.0
-9.0	-5.0	5703.0
-8.5	-5.0	5761.0
-8.0	-5.0	6037.0
-7.5	-5.0	6802.0
-7.0	-5.0	6927.0
-6.5	-5.0	7474.0
-6.0	-5.0	8048.0
-5.5	-5.0	8758.0
-5.0	-5.0	9935.0
-4.5	-5.0	11246.0
-4.0	-5.0	12188.0
-3.5	-5.0	14081.0
-3.0	-5.0	15811.0
-2.5	-5.0	17988.0
-2.0	-5.0	19653.0
-1.5	-5.0	21772.0
-1.0	-5.0	23324.0
-0.5	-5.0	25872.0
0.0	-5.0	28893.0
0.5	-5.0	32433.0
1.0	-5.0	35451.0
1.5	-5.0	38371.0
2.0	-5.0	42071.0
2.5	-5.0	45710.0
3.0	-5.0	52573.0
3.5	-5.0	56006.0
4.0	-5.0	59038.0
4.5	-5.0	62134.0
5.0	-5.0	71148.0
5.5	-5.0	79010.0
6.0	-5.0	91057.0
6.5	-5.0	136506.0
7.0	-5.0	135190.0
7.5	-5.0	166389.0
8.0	-5.0	185358.0
8.5	-5.0	177541.0
9.0	-5.0	177416.0
9.5	-5.0	133324.0
10.0	-5.0	119738.0
10.5	-5.0	108189.0
11.0	-5.0	103442.0
11.5	-5.0	96775.0
12.0	-5.0	92387.0
12.5	-5.0	92992.0
13.0	-5.0	87893.0
13.5	-5.0	86695.0
14.0	-5.0	85400.0
14.5	-5.0	85249.0
15.0	-5.0	84359.0
15.0	-4.5	94411.0
14.5	-4.5	95562.0
14.0	-4.5	97557.0
13.5	-4.5	97657.0
13.0	-4.5	100597.0
12.5	-4.5	102370.0
12.0	-4.5	107636.0
11.5	-4.5	121653.0
11.0	-4.5	125610.0
10.5	-4.5	139363.0
10.0	-4.5	158816.0
9.5	-4.5	172493.0
9.0	-4.5	196964.0
8.5	-4.5	214754.0
8.0	-4.5	256347.0
7.5	-4.5	212932.0
7.0	-4.5	132687.0
6.5	-4.5	148043.0
6.0	-4.5	101134.0
5.5	-4.5	83546.0
5.0	-4.5	76313.0
4.5	-4.5	63860.0
4.0	-4.5	58723.0
3.5	-4.5	55597.0
3.0	-4.5	52781.0
2.5	-4.5	46177.0
2.0	-4.5	40914.0
1.5	-4.5	37680.0
1.0	-4.5	35359.0
0.5	-4.5	31744.0
0.0	-4.5	28642.0
-0.5	-4.5	25417.0
-1.0	-4.5	23434.0
-1.5	-4.5	21061.0
-2.0	-4.5	19004.0
-2.5	-4.5	17564.0
-3.0	-4.5	15404.0
-3.5	-4.5	13922.0
-4.0	-4.5	12143.0
-4.5	-4.5	10951.0
-5.0	-4.5	9670.0
-5.5	-4.5	8808.0
-6.0	-4.5	8047.0
-6.5	-4.5	7422.0
-7.0	-4.5	7177.0
-7.5	-4.5	6309.0
-8.0	-4.5	6111.0
-8.5	-4.5	6003.0
-9.0	-4.5	5663.0
-9.5	-4.5	5497.0
-10.0	-4.5	5194.0
-10.5	-4.5	5448.0
-11.0	-4.5	5139.0
-11.5	-4.5	5147.0
-12.0	-4.5	5001.0
-12.5	-4.5	4984.0
-13.0	-4.5	4862.0
-13.5	-4.5	4628.0
-14.0	-4.5	4725.0
-14.5	-4.5	4481.0
-15.0	-4.5	4522.0
-15.0	-4.0	4677.0
-14.5	-4.0	4398.0
-14.0	-4.0	4537.0
-13.5	-4.0	4586.0
-13.0	-4.0	4584.0
-12.5	-4.0	4812.0
-12.0	-4.0	4916.0
-11.5	-4.0	5138.0
-11.0	-4.0	4963.0
-10.5	-4.0	5265.0
-10.0	-4.0	5254.0
-9.5	-4.0	5439.0
-9.0	-4.0	5504.0
-8.5	-4.0	5623.0
-8.0	-4.0	6115.0
-7.5	-4.0	6386.0
-7.0	-4.0	6744.0
-6.5	-4.0	7410.0
-6.0	-4.0	8032.0
-5.5	-4.0	8521.0
-5.0	-4.0	9316.0
-4.5	-4.0	10814.0
-4.0	-4.0	11853.0
-3.5	-4.0	14320.0
-3.0	-4.0	15613.0
-2.5	-4.0	17502.0
-2.0	-4.0	18892.0
-1.5	-4.0	21218.0
-1.0	-4.0	23734.0
-0.5	-4.0	25749.0
0.0	-4.0	28739.0
0.5	-4.0	31783.0
1.0	-4.0	35055.0
1.5	-4.0	38197.0
2.0	-4.0	41024.0
2.5	-4.0	45210.0
3.0	-4.0	51765.0
3.5	-4.0	55362.0
4.0	-4.0	60255.0
4.5	-4.0	65480.0
5.0	-4.0	77826.0
5.5	-4.0	88653.0
6.0	-4.0	96076.0
6.5	-4.0	148585.0
7.0	-4.0	133260.0
7.5	-4.0	172895.0
8.0	-4.0	225238.0
8.5	-4.0	227472.0
9.0	-4.0	233026.0
9.5	-4.0	202774.0
10.0	-4.0	185131.0
10.5	-4.0	177638.0
11.0	-4.0	155678.0
11.5	-4.0	139839.0
12.0	-4.0	135791.0
12.5	-4.0	121256.0
13.0	-4.0	118022.0
13.5	-4.0	114606.0
14.0	-4.0	110478.0
14.5	-4.0	106709.0
15.0	-4.0	105479.0
15.0	-3.5	117792.0
14.5	-3.5	123245.0
14.0	-3.5	130289.0
13.5	-3.5	135860.0
13.0	-3.5	137842.0
12.5	-3.5	143519.0
12.0	-3.5	155027.0
11.5	-3.5	167140.0
11.0	-3.5	203867.0
10.5	-3.5	206437.0
10.0	-3.5	213215.0
9.5	-3.5	210391.0
9.0	-3.5	235463.0
8.5	-3.5	247067.0
8.0	-3.5	185852.0
7.5	-3.5	161920.0
7.0	-3.5	155096.0
6.5	-3.5	115173.0
6.0	-3.5	84761.0
5.5	-3.5	85823.0
5.0	-3.5	67634.0
4.5	-3.5	63651.0
4.0	-3.5	57547.0
3.5	-3.5	52128.0
3.0	-3.5	48348.0
2.5	-3.5	43137.0
2.0	-3.5	39322.0
1.5	-3.5	35631.0
1.0	-3.5	32728.0
0.5	-3.5	30693.0
0.0	-3.5	28324.0
-0.5	-3.5	24725.0
-1.0	-3.5	23247.0
-1.5	-3.5	20307.0
-2.0	-3.5	18849.0
-2.5	-3.5	16920.0
-3.0	-3.5	15239.0
-3.5	-3.5	13693.0
-4.0	-3.5	11721.0
-4.5	-3.5	10330.0
-5.0	-3.5	9065.0
-5.5	-3.5	8426.0
-6.0	-3.5	7635.0
-6.5	-3.5	6996.0
-7.0	-3.5	6565.0
-7.5	-3.5	6198.0
-8.0	-3.5	5860.0
-8.5	-3.5	5645.0
-9.0	-3.5	5370.0
-9.5	-3.5	5429.0
-10.0	-3.5	5171.0
-10.5	-3.5	5256.0
-11.0	-3.5	5122.0
-11.5	-3.5	4946.0
-12.0	-3.5	5043.0
-12.5	-3.5	4789.0
-13.0	-3.5	4715.0
-13.5	-3.5	4583.0
-14.0	-3.5	4618.0
-14.5	-3.5	4514.0
-15.0	-3.5	4550.0
-15.0	-3.0	4734.0
-14.5	-3.0	4416.0
-14.0	-3.0	4599.0
-13.5	-3.0	4715.0
-13.0	-3.0	4879.0
-12.5	-3.0	4822.0
-12.0	-3.0	4823.0
-11.5	-3.0	4911.0
-11.0	-3.0	5064.0
-10.5	-3.0	5243.0
-10.0	-3.0	5274.0
-9.5	-3.0	5444.0
-9.0	-3.0	5526.0
-8.5	-3.0	5579.0
-8.0	-3.0	5733.0
-7.5	-3.0	6078.0
-7.0	-3.0	6631.0
-6.5	-3.0	7069.0
-6.0	-3.0	7497.0
-5.5	-3.0	8346.0
-5.0	-3.0	9145.0
-4.5	-3.0	9846.0
-4.0	-3.0	11529.0
-3.5	-3.0	12716.0
-3.0	-3.0	14785.0
-2.5	-3.0	16624.0
-2.0	-3.0	18415.0
-1.5	-3.0	20578.0
-1.0	-3.0	22828.0
-0.5	-3.0	24740.0
0.0	-3.0	27370.0
0.5	-3.0	30076.0
1.0	-3.0	32169.0
1.5	-3.0	35343.0
2.0	-3.0	38332.0
2.5	-3.0	41936.0
3.0	-3.0	46128.0
3.5	-3.0	50972.0
4.0	-3.0	55063.0
4.5	-3.0	62940.0
5.0	-3.0	66834.0
5.5	-3.0	79391.0
6.0	-3.0	90311.0
6.5	-3.0	88304.0
7.0	-3.0	125120.0
7.5	-3.0	157643.0
8.0	-3.0	190334.0
8.5	-3.0	236714.0
9.0	-3.0	216883.0
9.5	-3.0	248575.0
10.0	-3.0	258265.0
10.5	-3.0	229432.0
11.0	-3.0	222313.0
11.5	-3.0	199947.0
12.0	-3.0	179266.0
12.5	-3.0	167822.0
13.0	-3.0	157811.0
13.5	-3.0	152528.0
14.0	-3.0	145126.0
14.5	-3.0	138168.0
15.0	-3.0	131636.0
15.0	-2.5	146762.0
14.5	-2.5	155124.0
14.0	-2.5	165696.0
13.5	-2.5	174584.0
13.0	-2.5	180844.0
12.5	-2.5	192116.0
12.0	-2.5	205062.0
11.5	-2.5	220278.0
11.0	-2.5	233838.0
10.5	-2.5	249221.0
10.0	-2.5	257919.0
9.5	-2.5	232789.0
9.0	-2.5	209896.0
8.5	-2.5	180669.0
8.0	-2.5	147573.0
7.5	-2.5	121317.0
7.0	-2.5	100282.0
6.5	-2.5	98636.0
6.0	-2.5	81946.0
5.5	-2.5	68474.0
5.0	-2.5	63484.0
4.5	-2.5	57857.0
4.0	-2.5	52032.0
3.5	-2.5	47587.0
3.0	-2.5	42781.0
2.5	-2.5	39818.0
2.0	-2.5	36506.0
1.5	-2.5	32857.0
1.0	-2.5	30029.0
0.5	-2.5	28446.0
0.0	-2.5	25834.0
-0.5	-2.5	23567.0
-1.0	-2.5	21707.0
-1.5	-2.5	19925.0
-2.0	-2.5	17469.0
-2.5	-2.5	15602.0
-3.0	-2.5	13699.0
-3.5	-2.5	12064.0
-4.0	-2.5	10842.0
-4.5	-2.5	9642.0
-5.0	-2.5	8699.0
-5.5	-2.5	8049.0
-6.0	-2.5	7437.0
-6.5	-2.5	6802.0
-7.0	-2.5	6539.0
-7.5	-2.5	6047.0
-8.0	-2.5	5611.0
-8.5	-2.5	5409.0
-9.0	-2.5	5233.0
-9.5	-2.5	5279.0
-10.0	-2.5	5382.0
-10.5	-2.5	5222.0
-11.0	-2.5	5037.0
-11.5	-2.5	4851.0
-12.0	-2.5	4696.0
-12.5	-2.5	4907.0
-13.0	-2.5	4631.0
-13.5	-2.5	4759.0
-14.0	-2.5	4570.0
-14.5	-2.5	4542.0
-15.0	-2.5	4871.0
-15.0	-2.0	4748.0
-14.5	-2.0	4673.0
-14.0	-2.0	4755.0
-13.5	-2.0	4726.0
-13.0	-2.0	4757.0
-12.5	-2.0	4937.0
-12.0	-2.0	4829.0
-11.5	-2.0	4993.0
-11.0	-2.0	5219.0
-10.5	-2.0	5222.0
-10.0	-2.0	5546.0
-9.5	-2.0	5627.0
-9.0	-2.0	5384.0
-8.5	-2.0	5625.0
-8.0	-2.0	5727.0
-7.5	-2.0	6085.0
-7.0	-2.0	6598.0
-6.5	-2.0	7022.0
-6.0	-2.0	7344.0
-5.5	-2.0	7850.0
-5.0	-2.0	8605.0
-4.5	-2.0	9380.0
-4.0	-2.0	10455.0
-3.5	-2.0	11921.0
-3.0	-2.0	12793.0
-2.5	-2.0	14908.0
-2.0	-2.0	16873.0
-1.5	-2.0	18392.0
-1.0	-2.0	20867.0
-0.5	-2.0	22738.0
0.0	-2.0	24647.0
0.5	-2.0	26455.0
1.0	-2.0	28974.0
1.5	-2.0	31725.0
2.0	-2.0	35292.0
2.5	-2.0	38516.0
3.0	-2.0	41692.0
3.5	-2.0	44952.0
4.0	-2.0	50033.0
4.5	-2.0	55293.0
5.0	-2.0	60552.0
5.5	-2.0	67878.0
6.0	-2.0	70574.0
6.5	-2.0	88183.0
7.0	-2.0	95086.0
7.5	-2.0	121589.0
8.0	-2.0	145293.0
8.5	-2.0	146957.0
9.0	-2.0	211273.0
9.5	-2.0	212620.0
10.0	-2.0	225611.0
10.5	-2.0	246521.0
11.0	-2.0	237867.0
11.5	-2.0	217559.0
12.0	-2.0	204659.0
12.5	-2.0	198636.0
13.0	-2.0	193535.0
13.5	-2.0	189053.0
14.0	-2.0	185398.0
14.5	-2.0	172411.0
15.0	-2.0	159185.0
15.0	-1.5	169292.0
14.5	-1.5	174570.0
14.0	-1.5	188430.0
13.5	-1.5	191846.0
13.0	-1.5	192537.0
12.5	-1.5	192365.0
12.0	-1.5	193300.0
11.5	-1.5	204061.0
11.0	-1.5	207187.0
10.5	-1.5	215018.0
10.0	-1.5	201350.0
9.5	-1.5	194087.0
9.0	-1.5	165281.0
8.5	-1.5	115800.0
8.0	-1.5	125317.0
7.5	-1.5	92195.0
7.0	-1.5	83514.0
6.5	-1.5	77595.0
6.0	-1.5	67701.0
5.5	-1.5	63941.0
5.0	-1.5	57085.0
4.5	-1.5	51789.0
4.0	-1.5	46629.0
3.5	-1.5	43179.0
3.0	-1.5	37956.0
2.5	-1.5	35974.0
2.0	-1.5	33452.0
1.5	-1.5	30133.0
1.0	-1.5	27453.0
0.5	-1.5	25083.0
0.0	-1.5	23466.0
-0.5	-1.5	21382.0
-1.0	-1.5	19688.0
-1.5	-1.5	17174.0
-2.0	-1.5	16055.0
-2.5	-1.5	14156.0
-3.0	-1.5	12745.0
-3.5	-1.5	11526.0
-4.0	-1.5	10240.0
-4.5	-1.5	9396.0
-5.0	-1.5	8310.0
-5.5	-1.5	7719.0
-6.0	-1.5	7215.0
-6.5	-1.5	6844.0
-7.0	-1.5	6212.0
-7.5	-1.5	5992.0
-8.0	-1.5	5583.0
-8.5	-1.5	5756.0
-9.0	-1.5	5604.0
-9.5	-1.5	5734.0
-10.0	-1.5	5696.0
-10.5	-1.5	5296.0
-11.0	-1.5	5115.0
-11.5	-1.5	5121.0
-12.0	-1.5	4969.0
-12.5	-1.5	4765.0
-13.0	-1.5	4812.0
-13.5	-1.5	4683.0
-14.0	-1.5	4593.0
-14.5	-1.5	4642.0
-15.0	-1.5	4648.0
-15.0	-1.0	4931.0
-14.5	-1.0	4706.0
-14.0	-1.0	4930.0
-13.5	-1.0	4741.0
-13.0	-1.0	4754.0
-12.5	-1.0	4746.0
-12.0	-1.0	5019.0
-11.5	-1.0	5143.0
-11.0	-1.0	5043.0
-10.5	-1.0	5283.0
-10.0	-1.0	5485.0
-9.5	-1.0	5456.0
-9.0	-1.0	5430.0
-8.5	-1.0	5477.0
-8.0	-1.0	5713.0
-7.5	-1.0	5886.0
-7.0	-1.0	6289.0
-6.5	-1.0	6545.0
-6.0	-1.0	6995.0
-5.5	-1.0	7613.0
-5.0	-1.0	8051.0
-4.5	-1.0	8956.0
-4.0	-1.0	9880.0
-3.5	-1.0	10874.0
-3.0	-1.0	12164.0
-2.5	-1.0	13262.0
-2.0	-1.0	14991.0
-1.5	-1.0	16096.0
-1.0	-1.0	17777.0
-0.5	-1.0	19633.0
0.0	-1.0	22284.0
0.5	-1.0	23748.0
1.0	-1.0	26923.0
1.5	-1.0	28857.0
2.0	-1.0	31305.0
2.5	-1.0	34758.0
3.0	-1.0	36624.0
3.5	-1.0	40373.0
4.0	-1.0	44824.0
4.5	-1.0	48928.0
5.0	-1.0	53548.0
5.5	-1.0	58906.0
6.0	-1.0	64420.0
6.5	-1.0	68275.0
7.0	-1.0	82485.0
7.5	-1.0	79847.0
8.0	-1.0	105507.0
8.5	-1.0	118928.0
9.0	-1.0	126377.0
9.5	-1.0	156324.0
10.0	-1.0	172020.0
10.5	-1.0	172175.0
11.0	-1.0	176553.0
11.5	-1.0	179796.0
12.0	-1.0	173264.0
12.5	-1.0	180439.0
13.0	-1.0	182819.0
13.5	-1.0	187561.0
14.0	-1.0	181719.0
14.5	-1.0	176707.0
15.0	-1.0	176730.0
15.0	-0.5	174836.0
14.5	-0.5	174092.0
14.0	-0.5	173775.0
13.5	-0.5	174207.0
13.0	-0.5	169387.0
12.5	-0.5	162463.0
12.0	-0.5	157517.0
11.5	-0.5	148513.0
11.0	-0.5	146417.0
10.5	-0.5	140923.0
10.0	-0.5	131073.0
9.5	-0.5	119122.0
9.0	-0.5	110740.0
8.5	-0.5	96603.0
8.0	-0.5	80591.0
7.5	-0.5	77259.0
7.0	-0.5	69759.0
6.5	-0.5	60085.0
6.0	-0.5	59173.0
5.5	-0.5	53646.0
5.0	-0.5	48911.0
4.5	-0.5	45651.0
4.0	-0.5	41915.0
3.5	-0.5	37673.0
3.0	-0.5	34720.0
2.5	-0.5	32753.0
2.0	-0.5	28746.0
1.5	-0.5	28190.0
1.0	-0.5	24430.0
0.5	-0.5	22076.0
0.0	-0.5	20558.0
-0.5	-0.5	17710.0
-1.0	-0.5	16044.0
-1.5	-0.5	14895.0
-2.0	-0.5	13857.0
-2.5	-0.5	12610.0
-3.0	-0.5	11332.0
-3.5	-0.5	10166.0
-4.0	-0.5	9531.0
-4.5	-0.5	9002.0
-5.0	-0.5	7961.0
-5.5	-0.5	7367.0
-6.0	-0.5	6919.0
-6.5	-0.5	6444.0
-7.0	-0.5	6197.0
-7.5	-0.5	5758.0
-8.0	-0.5	5502.0
-8.5	-0.5	5210.0
-9.0	-0.5	5548.0
-9.5	-0.5	5395.0
-10.0	-0.5	5097.0
-10.5	-0.5	5237.0
-11.0	-0.5	5118.0
-11.5	-0.5	5068.0
-12.0	-0.5	4781.0
-12.5	-0.5	4771.0
-13.0	-0.5	4827.0
-13.5	-0.5	4867.0
-14.0	-0.5	4774.0
-14.5	-0.5	4656.0
-15.0	-0.5	4762.0
-15.0	0.0	4694.0
-14.5	0.0	4881.0
-14.0	0.0	4753.0
-13.5	0.0	4704.0
-13.0	0.0	4585.0
-12.5	0.0	4699.0
-12.0	0.0	4901.0
-11.5	0.0	4730.0
-11.0	0.0	4879.0
-10.5	0.0	5237.0
-10.0	0.0	5031.0
-9.5	0.0	5116.0
-9.0	0.0	5236.0
-8.5	0.0	5271.0
-8.0	0.0	5627.0
-7.5	0.0	5570.0
-7.0	0.0	5815.0
-6.5	0.0	6098.0
-6.0	0.0	6476.0
-5.5	0.0	7080.0
-5.0	0.0	7557.0
-4.5	0.0	8300.0
-4.0	0.0	9043.0
-3.5	0.0	9802.0
-3.0	0.0	10643.0
-2.5	0.0	11607.0
-2.0	0.0	12648.0
-1.5	0.0	13630.0
-1.0	0.0	15334.0
-0.5	0.0	16168.0
0.0	0.0	18613.0
0.5	0.0	20156.0
1.0	0.0	22790.0
1.5	0.0	26014.0
2.0	0.0	27473.0
2.5	0.0	29756.0
3.0	0.0	33837.0
3.5	0.0	36073.0
4.0	0.0	39349.0
4.5	0.0	42974.0
5.0	0.0	45683.0
5.5	0.0	49486.0
6.0	0.0	52961.0
6.5	0.0	58189.0
7.0	0.0	61687.0
7.5	0.0	70047.0
8.0	0.0	76946.0
8.5	0.0	81066.0
9.0	0.0	92504.0
9.5	0.0	100978.0
10.0	0.0	107946.0
10.5	0.0	115524.0
11.0	0.0	122344.0
11.5	0.0	128542.0
12.0	0.0	135916.0
12.5	0.0	142836.0
13.0	0.0	151330.0
13.5	0.0	154415.0
14.0	0.0	159815.0
14.5	0.0	163657.0
15.0	0.0	170211.0
15.0	0.5	166816.0
14.5	0.5	157403.0
14.0	0.5	149496.0
13.5	0.5	143473.0
13.0	0.5	135492.0
12.5	0.5	127192.0
12.0	0.5	117572.0
11.5	0.5	112164.0
11.0	0.5	105683.0
10.5	0.5	97276.0
10.0	0.5	91417.0
9.5	0.5	84804.0
9.0	0.5	78721.0
8.5	0.5	75626.0
8.0	0.5	69850.0
7.5	0.5	64149.0
7.0	0.5	58704.0
6.5	0.5	53777.0
6.0	0.5	48858.0
5.5	0.5	44862.0
5.0	0.5	42313.0
4.5	0.5	38645.0
4.0	0.5	36322.0
3.5	0.5	33813.0
3.0	0.5	30998.0
2.5	0.5	27813.0
2.0	0.5	26925.0
1.5	0.5	23947.0
1.0	0.5	21266.0
0.5	0.5	19441.0
0.0	0.5	17275.0
-0.5	0.5	15242.0
-1.0	0.5	14095.0
-1.5	0.5	12773.0
-2.0	0.5	11705.0
-2.5	0.5	10639.0
-3.0	0.5	9837.0
-3.5	0.5	9088.0
-4.0	0.5	8405.0
-4.5	0.5	7815.0
-5.0	0.5	7239.0
-5.5	0.5	6728.0
-6.0	0.5	6232.0
-6.5	0.5	5766.0
-7.0	0.5	5518.0
-7.5	0.5	5376.0
-8.0	0.5	5148.0
-8.5	0.5	5109.0
-9.0	0.5	5054.0
-9.5	0.5	4988.0
-10.0	0.5	4963.0
-10.5	0.5	5175.0
-11.0	0.5	4867.0
-11.5	0.5	4782.0
-12.0	0.5	4749.0
-12.5	0.5	4694.0
-13.0	0.5	4751.0
-13.5	0.5	4777.0
-14.0	0.5	4727.0
-14.5	0.5	4640.0
-15.0	0.5	4648.0
-15.0	1.0	4522.0
-14.5	1.0	4372.0
-14.0	1.0	4607.0
-13.5	1.0	4333.0
-13.0	1.0	4581.0
-12.5	1.0	4426.0
-12.0	1.0	4597.0
-11.5	1.0	4758.0
-11.0	1.0	4824.0
-10.5	1.0	4844.0
-10.0	1.0	4753.0
-9.5	1.0	4791.0
-9.0	1.0	4908.0
-8.5	1.0	4838.0
-8.0	1.0	4858.0
-7.5	1.0	4978.0
-7.0	1.0	5155.0
-6.5	1.0	5545.0
-6.0	1.0	5736.0
-5.5	1.0	5986.0
-5.0	1.0	6480.0
-4.5	1.0	7105.0
-4.0	1.0	7428.0
-3.5	1.0	8152.0
-3.0	1.0	8820.0
-2.5	1.0	9594.0
-2.0	1.0	10606.0
-1.5	1.0	11385.0
-1.0	1.0	12450.0
-0.5	1.0	13819.0
0.0	1.0	15645.0
0.5	1.0	17860.0
1.0	1.0	20128.0
1.5	1.0	21870.0
2.0	1.0	24231.0
2.5	1.0	26597.0
3.0	1.0	28162.0
3.5	1.0	30277.0
4.0	1.0	33138.0
4.5	1.0	35905.0
5.0	1.0	38246.0
5.5	1.0	41010.0
6.0	1.0	44369.0
6.5	1.0	49324.0
7.0	1.0	53082.0
7.5	1.0	59248.0
8.0	1.0	64617.0
8.5	1.0	68466.0
9.0	1.0	73895.0
9.5	1.0	78224.0
10.0	1.0	83934.0
10.5	1.0	89895.0
11.0	1.0	96060.0
11.5	1.0	102786.0
12.0	1.0	109904.0
12.5	1.0	117506.0
13.0	1.0	127092.0
13.5	1.0	134289.0
14.0	1.0	142160.0
14.5	1.0	151149.0
15.0	1.0	160529.0
15.0	1.5	157257.0
14.5	1.5	146671.0
14.0	1.5	137758.0
13.5	1.5	126863.0
13.0	1.5	120050.0
12.5	1.5	111432.0
12.0	1.5	104225.0
11.5	1.5	96900.0
11.0	1.5	90275.0
10.5	1.5	84656.0
10.0	1.5	78199.0
9.5	1.5	72427.0
9.0	1.5	67721.0
8.5	1.5	64354.0
8.0	1.5	58331.0
7.5	1.5	53798.0
7.0	1.5	50734.0
6.5	1.5	46235.0
6.0	1.5	42687.0
5.5	1.5	40067.0
5.0	1.5	37534.0
4.5	1.5	34149.0
4.0	1.5	31164.0
3.5	1.5	28368.0
3.0	1.5	25568.0
2.5	1.5	23796.0
2.0	1.5	21340.0
1.5	1.5	19479.0
1.0	1.5	18021.0
0.5	1.5	15937.0
0.0	1.5	14064.0
-0.5	1.5	12575.0
-1.0	1.5	11387.0
-1.5	1.5	10149.0
-2.0	1.5	9545.0
-2.5	1.5	8957.0
-3.0	1.5	8128.0
-3.5	1.5	7357.0
-4.0	1.5	6667.0
-4.5	1.5	6008.0
-5.0	1.5	5521.0
-5.5	1.5	5323.0
-6.0	1.5	4878.0
-6.5	1.5	4582.0
-7.0	1.5	4539.0
-7.5	1.5	4503.0
-8.0	1.5	4249.0
-8.5	1.5	4369.0
-9.0	1.5	4428.0
-9.5	1.5	4503.0
-10.0	1.5	4641.0
-10.5	1.5	4622.0
-11.0	1.5	4387.0
-11.5	1.5	4441.0
-12.0	1.5	4176.0
-12.5	1.5	4367.0
-13.0	1.5	4349.0
-13.5	1.5	4338.0
-14.0	1.5	4484.0
-14.5	1.5	4321.0
-15.0	1.5	4403.0
-15.0	2.0	4328.0
-14.5	2.0	4152.0
-14.0	2.0	4190.0
-13.5	2.0	4161.0
-13.0	2.0	4124.0
-12.5	2.0	4141.0
-12.0	2.0	4231.0
-11.5	2.0	4101.0
-11.0	2.0	4009.0
-10.5	2.0	3883.0
-10.0	2.0	3900.0
-9.5	2.0	3777.0
-9.0	2.0	3734.0
-8.5	2.0	3737.0
-8.0	2.0	3758.0
-7.5	2.0	3777.0
-7.0	2.0	3959.0
-6.5	2.0	4134.0
-6.0	2.0	4300.0
-5.5	2.0	4599.0
-5.0	2.0	5116.0
-4.5	2.0	5573.0
-4.0	2.0	6134.0
-3.5	2.0	6726.0
-3.0	2.0	7178.0
-2.5	2.0	7800.0
-2.0	2.0	8706.0
-1.5	2.0	9605.0
-1.0	2.0	10552.0
-0.5	2.0	11809.0
0.0	2.0	12847.0
0.5	2.0	14112.0
1.0	2.0	16082.0
1.5	2.0	17147.0
2.0	2.0	19582.0
2.5	2.0	21890.0
3.0	2.0	23833.0
3.5	2.0	26526.0
4.0	2.0	29517.0
4.5	2.0	32079.0
5.0	2.0	34847.0
5.5	2.0	38143.0
6.0	2.0	40288.0
6.5	2.0	44034.0
7.0	2.0	48002.0
7.5	2.0	51646.0
8.0	2.0	55869.0
8.5	2.0	60128.0
9.0	2.0	64385.0
9.5	2.0	69002.0
10.0	2.0	73745.0
10.5	2.0	79412.0
11.0	2.0	85755.0
11.5	2.0	92273.0
12.0	2.0	100399.0
12.5	2.0	107456.0
13.0	2.0	114647.0
13.5	2.0	123420.0
14.0	2.0	133410.0
14.5	2.0	143882.0
15.0	2.0	154000.0
15.0	2.5	151156.0
14.5	2.5	140050.0
14.0	2.5	129396.0
13.5	2.5	119458.0
13.0	2.5	110840.0
12.5	2.5	103456.0
12.0	2.5	95172.0
11.5	2.5	89055.0
11.0	2.5	82276.0
10.5	2.5	76471.0
10.0	2.5	70278.0
9.5	2.5	64839.0
9.0	2.5	59952.0
8.5	2.5	55765.0
8.0	2.5	51890.0
7.5	2.5	48852.0
7.0	2.5	44370.0
6.5	2.5	40631.0
6.0	2.5	37513.0
5.5	2.5	34871.0
5.0	2.5	31790.0
4.5	2.5	29309.0
4.0	2.5	26402.0
3.5	2.5	24439.0
3.0	2.5	22237.0
2.5	2.5	20031.0
2.0	2.5	17821.0
1.5	2.5	15939.0
1.0	2.5	14172.0
0.5	2.5	12908.0
0.0	2.5	11693.0
-0.5	2.5	10830.0
-1.0	2.5	9933.0
-1.5	2.5	9102.0
-2.0	2.5	8194.0
-2.5	2.5	7271.0
-3.0	2.5	6702.0
-3.5	2.5	6304.0
-4.0	2.5	5477.0
-4.5	2.5	5092.0
-5.0	2.5	4663.0
-5.5	2.5	4162.0
-6.0	2.5	3939.0
-6.5	2.5	3740.0
-7.0	2.5	3628.0
-7.5	2.5	3400.0
-8.0	2.5	3387.0
-8.5	2.5	3167.0
-9.0	2.5	3292.0
-9.5	2.5	3199.0
-10.0	2.5	3333.0
-10.5	2.5	3212.0
-11.0	2.5	3344.0
-11.5	2.5	3581.0
-12.0	2.5	3671.0
-12.5	2.5	3711.0
-13.0	2.5	3660.0
-13.5	2.5	3844.0
-14.0	2.5	3983.0
-14.5	2.5	3935.0
-15.0	2.5	4040.0
-15.0	3.0	3874.0
-14.5	3.0	3702.0
-14.0	3.0	3380.0
-13.5	3.0	3406.0
-13.0	3.0	3236.0
-12.5	3.0	3149.0
-12.0	3.0	2970.0
-11.5	3.0	2866.0
-11.0	3.0	2912.0
-10.5	3.0	2853.0
-10.0	3.0	2838.0
-9.5	3.0	2799.0
-9.0	3.0	2748.0
-8.5	3.0	2831.0
-8.0	3.0	2983.0
-7.5	3.0	3136.0
-7.0	3.0	3184.0
-6.5	3.0	3375.0
-6.0	3.0	3657.0
-5.5	3.0	3858.0
-5.0	3.0	4437.0
-4.5	3.0	4780.0
-4.0	3.0	5125.0
-3.5	3.0	5612.0
-3.0	3.0	6258.0
-2.5	3.0	6774.0
-2.0	3.0	7593.0
-1.5	3.0	8337.0
-1.0	3.0	9072.0
-0.5	3.0	9832.0
0.0	3.0	10988.0
0.5	3.0	11705.0
1.0	3.0	13376.0
1.5	3.0	14919.0
2.0	3.0	16581.0
2.5	3.0	18741.0
3.0	3.0	20316.0
3.5	3.0	22507.0
4.0	3.0	25207.0
4.5	3.0	27081.0
5.0	3.0	29484.0
5.5	3.0	32100.0
6.0	3.0	35132.0
6.5	3.0	38551.0
7.0	3.0	41275.0
7.5	3.0	45037.0
8.0	3.0	48663.0
8.5	3.0	52929.0
9.0	3.0	57094.0
9.5	3.0	62451.0
10.0	3.0	67332.0
10.5	3.0	72753.0
11.0	3.0	78971.0
11.5	3.0	84695.0
12.0	3.0	92634.0
12.5	3.0	99992.0
13.0	3.0	107576.0
13.5	3.0	115913.0
14.0	3.0	125468.0
14.5	3.0	135682.0
15.0	3.0	147903.0
15.0	3.5	141300.0
14.5	3.5	130928.0
14.0	3.5	119478.0
13.5	3.5	110770.0
13.0	3.5	102618.0
12.5	3.5	95193.0
12.0	3.5	86961.0
11.5	3.5	79893.0
11.0	3.5	74154.0
10.5	3.5	68424.0
10.0	3.5	63286.0
9.5	3.5	58640.0
9.0	3.5	52950.0
8.5	3.5	48789.0
8.0	3.5	45754.0
7.5	3.5	42037.0
7.0	3.5	38513.0
6.5	3.5	35667.0
6.0	3.5	32931.0
5.5	3.5	30344.0
5.0	3.5	27686.0
4.5	3.5	24632.0
4.0	3.5	22488.0
3.5	3.5	20666.0
3.0	3.5	18876.0
2.5	3.5	17360.0
2.0	3.5	15123.0
1.5	3.5	13973.0
1.0	3.5	12423.0
0.5	3.5	10884.0
0.0	3.5	10438.0
-0.5	3.5	9314.0
-1.0	3.5	8632.0
-1.5	3.5	8060.0
-2.0	3.5	7129.0
-2.5	3.5	6529.0
-3.0	3.5	5781.0
-3.5	3.5	5162.0
-4.0	3.5	4842.0
-4.5	3.5	4328.0
-5.0	3.5	3838.0
-5.5	3.5	3704.0
-6.0	3.5	3474.0
-6.5	3.5	3303.0
-7.0	3.5	3003.0
-7.5	3.5	2938.0
-8.0	3.5	2814.0
-8.5	3.5	2710.0
-9.0	3.5	2618.0
-9.5	3.5	2547.0
-10.0	3.5	2413.0
-10.5	3.5	2565.0
-11.0	3.5	2543.0
-11.5	3.5	2582.0
-12.0	3.5	2552.0
-12.5	3.5	2596.0
-13.0	3.5	2667.0
-13.5	3.5	2769.0
-14.0	3.5	2753.0
-14.5	3.5	3212.0
-15.0	3.5	3347.0
-15.0	4.0	2880.0
-14.5	4.0	2634.0
-14.0	4.0	2459.0
-13.5	4.0	2363.0
-13.0	4.0	2219.0
-12.5	4.0	2317.0
-12.0	4.0	2269.0
-11.5	4.0	2224.0
-11.0	4.0	2241.0
-10.5	4.0	2349.0
-10.0	4.0	2345.0
-9.5	4.0	2411.0
-9.0	4.0	2447.0
-8.5	4.0	2518.0
-8.0	4.0	2578.0
-7.5	4.0	2781.0
-7.0	4.0	2959.0
-6.5	4.0	3054.0
-6.0	4.0	3354.0
-5.5	4.0	3529.0
-5.0	4.0	3636.0
-4.5	4.0	4062.0
-4.0	4.0	4463.0
-3.5	4.0	4753.0
-3.0	4.0	5191.0
-2.5	4.0	6035.0
-2.0	4.0	6719.0
-1.5	4.0	7181.0
-1.0	4.0	8330.0
-0.5	4.0	8648.0
0.0	4.0	9635.0
0.5	4.0	10468.0
1.0	4.0	11326.0
1.5	4.0	12937.0
2.0	4.0	13775.0
2.5	4.0	15521.0
3.0	4.0	17530.0
3.5	4.0	19104.0
4.0	4.0	21527.0
4.5	4.0	23710.0
5.0	4.0	26073.0
5.5	4.0	28053.0
6.0	4.0	30826.0
6.5	4.0	33508.0
7.0	4.0	36359.0
7.5	4.0	40046.0
8.0	4.0	43366.0
8.5	4.0	48110.0
9.0	4.0	52438.0
9.5	4.0	56763.0
10.0	4.0	60444.0
10.5	4.0	65144.0
11.0	4.0	70771.0
11.5	4.0	77647.0
12.0	4.0	84022.0
12.5	4.0	89827.0
13.0	4.0	97023.0
13.5	4.0	105504.0
14.0	4.0	114396.0
14.5	4.0	124419.0
15.0	4.0	132709.0
15.0	4.5	126681.0
14.5	4.5	116935.0
14.0	4.5	107518.0
13.5	4.5	98983.0
13.0	4.5	91800.0
12.5	4.5	84921.0
12.0	4.5	78664.0
11.5	4.5	72277.0
11.0	4.5	66815.0
10.5	4.5	61412.0
10.0	4.5	56594.0
9.5	4.5	52459.0
9.0	4.5	48249.0
8.5	4.5	44506.0
8.0	4.5	40994.0
7.5	4.5	37329.0
7.0	4.5	33936.0
6.5	4.5	30950.0
6.0	4.5	28969.0
5.5	4.5	26032.0
5.0	4.5	23581.0
4.5	4.5	21542.0
4.0	4.5	19084.0
3.5	4.5	17050.0
3.0	4.5	15827.0
2.5	4.5	14128.0
2.0	4.5	13075.0
1.5	4.5	11896.0
1.0	4.5	10390.0
0.5	4.5	9744.0
0.0	4.5	9029.0
-0.5	4.5	8199.0
-1.0	4.5	7621.0
-1.5	4.5	6789.0
-2.0	4.5	6176.0
-2.5	4.5	5520.0
-3.0	4.5	4965.0
-3.5	4.5	4546.0
-4.0	4.5	4115.0
-4.5	4.5	3882.0
-5.0	4.5	3602.0
-5.5	4.5	3516.0
-6.0	4.5	3148.0
-6.5	4.5	3057.0
-7.0	4.5	2815.0
-7.5	4.5	2686.0
-8.0	4.5	2686.0
-8.5	4.5	2447.0
-9.0	4.5	2401.0
-9.5	4.5	2301.0
-10.0	4.5	2110.0
-10.5	4.5	2173.0
-11.0	4.5	2168.0
-11.5	4.5	2063.0
-12.0	4.5	2052.0
-12.5	4.5	2009.0
-13.0	4.5	2043.0
-13.5	4.5	2118.0
-14.0	4.5	2195.0
-14.5	4.5	2403.0
-15.0	4.5	2418.0
-15.0	5.0	2036.0
-14.5	5.0	2129.0
-14.0	5.0	1936.0
-13.5	5.0	1843.0
-13.0	5.0	1898.0
-12.5	5.0	1898.0
-12.0	5.0	1921.0
-11.5	5.0	1984.0
-11.0	5.0	2111.0
-10.5	5.0	2159.0
-10.0	5.0	2210.0
-9.5	5.0	2332.0
-9.0	5.0	2320.0
-8.5	5.0	2511.0
-8.0	5.0	2589.0
-7.5	5.0	2638.0
-7.0	5.0	2871.0
-6.5	5.0	2912.0
-6.0	5.0	3141.0
-5.5	5.0	3353.0
-5.0	5.0	3513.0
-4.5	5.0	3726.0
-4.0	5.0	4045.0
-3.5	5.0	4241.0
-3.0	5.0	4744.0
-2.5	5.0	5046.0
-2.0	5.0	5658.0
-1.5	5.0	5986.0
-1.0	5.0	6735.0
-0.5	5.0	7493.0
0.0	5.0	8301.0
0.5	5.0	9085.0
1.0	5.0	10041.0
1.5	5.0	10663.0
2.0	5.0	12086.0
2.5	5.0	13116.0
3.0	5.0	14093.0
3.5	5.0	15731.0
4.0	5.0	17265.0
4.5	5.0	18754.0
5.0	5.0	21276.0
5.5	5.0	23439.0
6.0	5.0	26465.0
6.5	5.0	29190.0
7.0	5.0	32193.0
7.5	5.0	34970.0
8.0	5.0	38036.0
8.5	5.0	40967.0
9.0	5.0	44925.0
9.5	5.0	48849.0
10.0	5.0	52942.0
10.5	5.0	57237.0
11.0	5.0	62381.0
11.5	5.0	68224.0
12.0	5.0	74247.0
12.5	5.0	80298.0
13.0	5.0	87034.0
13.5	5.0	94700.0
14.0	5.0	100768.0
14.5	5.0	110012.0
15.0	5.0	118776.0
15.0	5.5	111216.0
14.5	5.5	102585.0
14.0	5.5	95611.0
13.5	5.5	87563.0
13.0	5.5	81472.0
12.5	5.5	75576.0
12.0	5.5	69702.0
11.5	5.5	63561.0
11.0	5.5	58227.0
10.5	5.5	53892.0
10.0	5.5	48979.0
9.5	5.5	45542.0
9.0	5.5	42013.0
8.5	5.5	38734.0
8.0	5.5	35517.0
7.5	5.5	32208.0
7.0	5.5	29034.0
6.5	5.5	25744.0
6.0	5.5	23115.0
5.5	5.5	21302.0
5.0	5.5	19123.0
4.5	5.5	17550.0
4.0	5.5	15573.0
3.5	5.5	14011.0
3.0	5.5	12841.0
2.5	5.5	11869.0
2.0	5.5	10539.0
1.5	5.5	9785.0
1.0	5.5	9208.0
0.5	5.5	8219.0
0.0	5.5	7395.0
-0.5	5.5	6812.0
-1.0	5.5	6113.0
-1.5	5.5	5518.0
-2.0	5.5	4996.0
-2.5	5.5	4633.0
-3.0	5.5	4444.0
-3.5	5.5	4185.0
-4.0	5.5	3851.0
-4.5	5.5	3612.0
-5.0	5.5	3354.0
-5.5	5.5	3249.0
-6.0	5.5	3127.0
-6.5	5.5	2991.0
-7.0	5.5	2818.0
-7.5	5.5	2816.0
-8.0	5.5	2658.0
-8.5	5.5	2538.0
-9.0	5.5	2443.0
-9.5	5.5	2383.0
-10.0	5.5	2273.0
-10.5	5.5	2310.0
-11.0	5.5	2108.0
-11.5	5.5	2093.0
-12.0	5.5	1995.0
-12.5	5.5	2082.0
-13.0	5.5	1897.0
-13.5	5.5	1980.0
-14.0	5.5	1917.0
-14.5	5.5	2039.0
-15.0	5.5	2005.0
-15.0	6.0	1918.0
-14.5	6.0	1945.0
-14.0	6.0	1900.0
-13.5	6.0	1978.0
-13.0	6.0	1898.0
-12.5	6.0	1972.0
-12.0	6.0	1921.0
-11.5	6.0	2055.0
-11.0	6.0	2169.0
-10.5	6.0	2154.0
-10.0	6.0	2265.0
-9.5	6.0	2459.0
-9.0	6.0	2460.0
-8.5	6.0	2548.0
-8.0	6.0	2733.0
-7.5	6.0	2786.0
-7.0	6.0	2925.0
-6.5	6.0	2983.0
-6.0	6.0	3085.0
-5.5	6.0	3165.0
-5.0	6.0	3377.0
-4.5	6.0	3720.0
-4.0	6.0	3807.0
-3.5	6.0	4025.0
-3.0	6.0	4363.0
-2.5	6.0	4600.0
-2.0	6.0	4823.0
-1.5	6.0	5202.0
-1.0	6.0	5663.0
-0.5	6.0	6208.0
0.0	6.0	6943.0
0.5	6.0	7291.0
1.0	6.0	8340.0
1.5	6.0	9193.0
2.0	6.0	9835.0
2.5	6.0	11016.0
3.0	6.0	11585.0
3.5	6.0	13085.0
4.0	6.0	14120.0
4.5	6.0	15979.0
5.0	6.0	17201.0
5.5	6.0	19439.0
6.0	6.0	20821.0
6.5	6.0	23803.0
7.0	6.0	26385.0
7.5	6.0	28903.0
8.0	6.0	31925.0
8.5	6.0	34768.0
9.0	6.0	38073.0
9.5	6.0	41250.0
10.0	6.0	46429.0
10.5	6.0	50218.0
11.0	6.0	53763.0
11.5	6.0	57989.0
12.0	6.0	63455.0
12.5	6.0	69568.0
13.0	6.0	75324.0
13.5	6.0	81703.0
14.0	6.0	89818.0
14.5	6.0	95824.0
15.0	6.0	104971.0
15.0	6.5	97998.0
14.5	6.5	91060.0
14.0	6.5	83629.0
13.5	6.5	78141.0
13.0	6.5	71114.0
12.5	6.5	65363.0
12.0	6.5	59810.0
11.5	6.5	54871.0
11.0	6.5	49690.0
10.5	6.5	45777.0
10.0	6.5	42020.0
9.5	6.5	38643.0
9.0	6.5	35466.0
8.5	6.5	31587.0
8.0	6.5	28886.0
7.5	6.5	26667.0
7.0	6.5	24077.0
6.5	6.5	21424.0
6.0	6.5	19632.0
5.5	6.5	17697.0
5.0	6.5	15838.0
4.5	6.5	14407.0
4.0	6.5	12878.0
3.5	6.5	12005.0
3.0	6.5	10722.0
2.5	6.5	9818.0
2.0	6.5	8715.0
1.5	6.5	8261.0
1.0	6.5	7460.0
0.5	6.5	6978.0
0.0	6.5	6074.0
-0.5	6.5	5642.0
-1.0	6.5	5434.0
-1.5	6.5	4962.0
-2.0	6.5	4648.0
-2.5	6.5	4264.0
-3.0	6.5	4228.0
-3.5	6.5	4112.0
-4.0	6.5	3894.0
-4.5	6.5	3666.0
-5.0	6.5	3484.0
-5.5	6.5	3206.0
-6.0	6.5	3042.0
-6.5	6.5	2833.0
-7.0	6.5	2889.0
-7.5	6.5	2711.0
-8.0	6.5	2565.0
-8.5	6.5	2491.0
-9.0	6.5	2391.0
-9.5	6.5	2328.0
-10.0	6.5	2287.0
-10.5	6.5	2153.0
-11.0	6.5	2136.0
-11.5	6.5	2020.0
-12.0	6.5	1922.0
-12.5	6.5	1869.0
-13.0	6.5	1901.0
-13.5	6.5	1878.0
-14.0	6.5	1910.0
-14.5	6.5	1808.0
-15.0	6.5	1865.0
-15.0	7.0	1767.0
-14.5	7.0	1812.0
-14.0	7.0	1810.0
-13.5	7.0	1819.0
-13.0	7.0	1820.0
-12.5	7.0	1910.0
-12.0	7.0	2024.0
-11.5	7.0	2070.0
-11.0	7.0	2137.0
-10.5	7.0	2159.0
-10.0	7.0	2243.0
-9.5	7.0	2329.0
-9.0	7.0	2386.0
-8.5	7.0	2559.0
-8.0	7.0	2558.0
-7.5	7.0	2700.0
-7.0	7.0	2781.0
-6.5	7.0	2889.0
-6.0	7.0	3062.0
-5.5	7.0	3132.0
-5.0	7.0	3219.0
-4.5	7.0	3635.0
-4.0	7.0	3672.0
-3.5	7.0	3874.0
-3.0	7.0	4079.0
-2.5	7.0	4278.0
-2.0	7.0	4533.0
-1.5	7.0	4784.0
-1.0	7.0	4837.0
-0.5	7.0	5396.0
0.0	7.0	5627.0
0.5	7.0	6004.0
1.0	7.0	6816.0
1.5	7.0	7256.0
2.0	7.0	8052.0
2.5	7.0	8741.0
3.0	7.0	9931.0
3.5	7.0	10909.0
4.0	7.0	12099.0
4.5	7.0	13341.0
5.0	7.0	14452.0
5.5	7.0	15665.0
6.0	7.0	17980.0
6.5	7.0	19595.0
7.0	7.0	21296.0
7.5	7.0	23326.0
8.0	7.0	26087.0
8.5	7.0	28531.0
9.0	7.0	31351.0
9.5	7.0	34920.0
10.0	7.0	38340.0
10.5	7.0	41391.0
11.0	7.0	45456.0
11.5	7.0	49475.0
12.0	7.0	54068.0
12.5	7.0	60020.0
13.0	7.0	65491.0
13.5	7.0	71220.0
14.0	7.0	77360.0
14.5	7.0	84786.0
15.0	7.0	92016.0
15.0	7.5	84439.0
14.5	7.5	78225.0
14.0	7.5	72145.0
13.5	7.5	66765.0
13.0	7.5	60715.0
12.5	7.5	55247.0
12.0	7.5	49513.0
11.5	7.5	45297.0
11.0	7.5	41440.0
10.5	7.5	37993.0
10.0	7.5	34317.0
9.5	7.5	31321.0
9.0	7.5	27602.0
8.5	7.5	24965.0
8.0	7.5	22986.0
7.5	7.5	20580.0
7.0	7.5	18996.0
6.5	7.5	17353.0
6.0	7.5	15443.0
5.5	7.5	14373.0
5.0	7.5	13097.0
4.5	7.5	11574.0
4.0	7.5	10455.0
3.5	7.5	9531.0
3.0	7.5	8790.0
2.5	7.5	7945.0
2.0	7.5	7081.0
1.5	7.5	6531.0
1.0	7.5	6104.0
0.5	7.5	5459.0
0.0	7.5	5327.0
-0.5	7.5	5065.0
-1.0	7.5	4770.0
-1.5	7.5	4406.0
-2.0	7.5	4338.0
-2.5	7.5	4124.0
-3.0	7.5	3850.0
-3.5	7.5	3746.0
-4.0	7.5	3580.0
-4.5	7.5	3408.0
-5.0	7.5	3195.0
-5.5	7.5	3089.0
-6.0	7.5	2929.0
-6.5	7.5	2831.0
-7.0	7.5	2770.0
-7.5	7.5	2670.0
-8.0	7.5	2558.0
-8.5	7.5	2385.0
-9.0	7.5	2294.0
-9.5	7.5	2252.0
-10.0	7.5	2252.0
-10.5	7.5	2146.0
-11.0	7.5	2074.0
-11.5	7.5	1989.0
-12.0	7.5	1939.0
-12.5	7.5	1847.0
-13.0	7.5	1839.0
-13.5	7.5	1826.0
-14.0	7.5	1816.0
-14.5	7.5	1699.0
-15.0	7.5	1728.0
-15.0	8.0	1686.0
-14.5	8.0	1770.0
-14.0	8.0	1709.0
-13.5	8.0	1814.0
-13.0	8.0	1878.0
-12.5	8.0	1890.0
-12.0	8.0	2021.0
-11.5	8.0	1976.0
-11.0	8.0	2060.0
-10.5	8.0	2129.0
-10.0	8.0	2073.0
-9.5	8.0	2233.0
-9.0	8.0	2376.0
-8.5	8.0	2408.0
-8.0	8.0	2475.0
-7.5	8.0	2624.0
-7.0	8.0	2631.0
-6.5	8.0	2735.0
-6.0	8.0	2839.0
-5.5	8.0	2888.0
-5.0	8.0	3157.0
-4.5	8.0	3175.0
-4.0	8.0	3386.0
-3.5	8.0	3632.0
-3.0	8.0	3651.0
-2.5	8.0	3945.0
-2.0	8.0	3955.0
-1.5	8.0	4316.0
-1.0	8.0	4537.0
-0.5	8.0	4693.0
0.0	8.0	5168.0
0.5	8.0	5434.0
1.0	8.0	5795.0
1.5	8.0	6139.0
2.0	8.0	6545.0
2.5	8.0	7259.0
3.0	8.0	7994.0
3.5	8.0	8826.0
4.0	8.0	9525.0
4.5	8.0	10570.0
5.0	8.0	11523.0
5.5	8.0	12750.0
6.0	8.0	13874.0
6.5	8.0	15386.0
7.0	8.0	17227.0
7.5	8.0	18776.0
8.0	8.0	20966.0
8.5	8.0	22818.0
9.0	8.0	25275.0
9.5	8.0	27692.0
10.0	8.0	30884.0
10.5	8.0	34002.0
11.0	8.0	38089.0
11.5	8.0	41443.0
12.0	8.0	45803.0
12.5	8.0	50890.0
13.0	8.0	56010.0
13.5	8.0	61060.0
14.0	8.0	66381.0
14.5	8.0	72794.0
15.0	8.0	77903.0
15.0	8.5	70420.0
14.5	8.5	65518.0
14.0	8.5	59935.0
13.5	8.5	54757.0
13.0	8.5	49974.0
12.5	8.5	45575.0
12.0	8.5	41877.0
11.5	8.5	38106.0
11.0	8.5	34045.0
10.5	8.5	31135.0
10.0	8.5	27804.0
9.5	8.5	24812.0
9.0	8.5	22788.0
8.5	8.5	20298.0
8.0	8.5	18452.0
7.5	8.5	17176.0
7.0	8.5	15487.0
6.5	8.5	13739.0
6.0	8.5	12200.0
5.5	8.5	11489.0
5.0	8.5	10579.0
4.5	8.5	9663.0
4.0	8.5	8730.0
3.5	8.5	7994.0
3.0	8.5	7193.0
2.5	8.5	6747.0
2.0	8.5	6329.0
1.5	8.5	5712.0
1.0	8.5	5402.0
0.5	8.5	5186.0
0.0	8.5	4826.0
-0.5	8.5	4593.0
-1.0	8.5	4439.0
-1.5	8.5	4098.0
-2.0	8.5	3886.0
-2.5	8.5	3724.0
-3.0	8.5	3662.0
-3.5	8.5	3586.0
-4.0	8.5	3172.0
-4.5	8.5	3226.0
-5.0	8.5	3093.0
-5.5	8.5	2918.0
-6.0	8.5	2843.0
-6.5	8.5	2713.0
-7.0	8.5	2585.0
-7.5	8.5	2456.0
-8.0	8.5	2447.0
-8.5	8.5	2508.0
-9.0	8.5	2254.0
-9.5	8.5	2261.0
-10.0	8.5	2147.0
-10.5	8.5	2038.0
-11.0	8.5	2043.0
-11.5	8.5	1955.0
-12.0	8.5	2024.0
-12.5	8.5	1937.0
-13.0	8.5	1865.0
-13.5	8.5	1737.0
-14.0	8.5	1750.0
-14.5	8.5	1735.0
-15.0	8.5	1748.0
-15.0	9.0	1712.0
-14.5	9.0	1745.0
-14.0	9.0	1774.0
-13.5	9.0	1804.0
-13.0	9.0	1780.0
-12.5	9.0	1867.0
-12.0	9.0	1892.0
-11.5	9.0	1914.0
-11.0	9.0	1906.0
-10.5	9.0	2003.0
-10.0	9.0	2076.0
-9.5	9.0	2188.0
-9.0	9.0	2321.0
-8.5	9.0	2250.0
-8.0	9.0	2347.0
-7.5	9.0	2507.0
-7.0	9.0	2527.0
-6.5	9.0	2646.0
-6.0	9.0	2767.0
-5.5	9.0	2776.0
-5.0	9.0	2997.0
-4.5	9.0	3053.0
-4.0	9.0	3230.0
-3.5	9.0	3405.0
-3.0	9.0	3507.0
-2.5	9.0	3602.0
-2.0	9.0	3884.0
-1.5	9.0	4105.0
-1.0	9.0	4142.0
-0.5	9.0	4344.0
0.0	9.0	4660.0
0.5	9.0	4860.0
1.0	9.0	5119.0
1.5	9.0	5454.0
2.0	9.0	5830.0
2.5	9.0	6380.0
3.0	9.0	6814.0
3.5	9.0	7383.0
4.0	9.0	7950.0
4.5	9.0	8562.0
5.0	9.0	9500.0
5.5	9.0	10347.0
6.0	9.0	11557.0
6.5	9.0	12644.0
7.0	9.0	14174.0
7.5	9.0	15206.0
8.0	9.0	16834.0
8.5	9.0	18296.0
9.0	9.0	20640.0
9.5	9.0	23164.0
10.0	9.0	25352.0
10.5	9.0	28083.0
11.0	9.0	31486.0
11.5	9.0	34480.0
12.0	9.0	37761.0
12.5	9.0	41704.0
13.0	9.0	45425.0
13.5	9.0	50335.0
14.0	9.0	55036.0
14.5	9.0	59635.0
15.0	9.0	64660.0
15.0	9.5	58768.0
14.5	9.5	54249.0
14.0	9.5	49965.0
13.5	9.5	45102.0
13.0	9.5	41574.0
12.5	9.5	37372.0
12.0	9.5	33904.0
11.5	9.5	30552.0
11.0	9.5	27712.0
10.5	9.5	25209.0
10.0	9.5	22667.0
9.5	9.5	20486.0
9.0	9.5	18655.0
8.5	9.5	16712.0
8.0	9.5	14856.0
7.5	9.5	13626.0
7.0	9.5	12481.0
6.5	9.5	11430.0
6.0	9.5	10587.0
5.5	9.5	9416.0
5.0	9.5	8779.0
4.5	9.5	7929.0
4.0	9.5	7472.0
3.5	9.5	6925.0
3.0	9.5	6259.0
2.5	9.5	6031.0
2.0	9.5	5497.0
1.5	9.5	5133.0
1.0	9.5	5003.0
0.5	9.5	4660.0
0.0	9.5	4367.0
-0.5	9.5	4069.0
-1.0	9.5	4021.0
-1.5	9.5	3947.0
-2.0	9.5	3656.0
-2.5	9.5	3525.0
-3.0	9.5	3263.0
-3.5	9.5	3190.0
-4.0	9.5	3086.0
-4.5	9.5	2947.0
-5.0	9.5	2891.0
-5.5	9.5	2749.0
-6.0	9.5	2650.0
-6.5	9.5	2583.0
-7.0	9.5	2506.0
-7.5	9.5	2347.0
-8.0	9.5	2326.0
-8.5	9.5	2251.0
-9.0	9.5	2133.0
-9.5	9.5	2157.0
-10.0	9.5	2076.0
-10.5	9.5	1967.0
-11.0	9.5	1934.0
-11.5	9.5	1926.0
-12.0	9.5	1941.0
-12.5	9.5	1891.0
-13.0	9.5	1725.0
-13.5	9.5	1808.0
-14.0	9.5	1765.0
-14.5	9.5	1798.0
-15.0	9.5	1750.0
-15.0	10.0	1727.0
-14.5	10.0	1664.0
-14.0	10.0	1668.0
-13.5	10.0	1860.0
-13.0	10.0	1846.0
-12.5	10.0	1882.0
-12.0	10.0	1870.0
-11.5	10.0	1868.0
-11.0	10.0	1987.0
-10.5	10.0	2015.0
-10.0	10.0	2067.0
-9.5	10.0	2025.0
-9.0	10.0	2184.0
-8.5	10.0	2259.0
-8.0	10.0	2325.0
-7.5	10.0	2312.0
-7.0	10.0	2431.0
-6.5	10.0	2583.0
-6.0	10.0	2748.0
-5.5	10.0	2733.0
-5.0	10.0	2822.0
-4.5	10.0	2971.0
-4.0	10.0	3168.0
-3.5	10.0	3138.0
-3.0	10.0	3401.0
-2.5	10.0	3501.0
-2.0	10.0	3631.0
-1.5	10.0	3715.0
-1.0	10.0	3931.0
-0.5	10.0	4082.0
0.0	10.0	4191.0
0.5	10.0	4500.0
1.0	10.0	4873.0
1.5	10.0	5075.0
2.0	10.0	5266.0
2.5	10.0	5684.0
3.0	10.0	5968.0
3.5	10.0	6445.0
4.0	10.0	6964.0
4.5	10.0	7447.0
5.0	10.0	8025.0
5.5	10.0	8754.0
6.0	10.0	9555.0
6.5	10.0	10336.0
7.0	10.0	11175.0
7.5	10.0	12721.0
8.0	10.0	13832.0
8.5	10.0	14934.0
9.0	10.0	16407.0
9.5	10.0	18204.0
10.0	10.0	20156.0
10.5	10.0	21991.0
11.0	10.0	24693.0
11.5	10.0	27123.0
12.0	10.0	30190.0
12.5	10.0	32704.0
13.0	10.0	35939.0
13.5	10.0	39597.0
14.0	10.0	43514.0
14.5	10.0	48584.0
15.0	10.0	53906.0
15.0	10.5	48450.0
14.5	10.5	43888.0
14.0	10.5	39180.0
13.5	10.5	35567.0
13.0	10.5	31687.0
12.5	10.5	28962.0
12.0	10.5	26818.0
11.5	10.5	24136.0
11.0	10.5	22037.0
10.5	10.5	19290.0
10.0	10.5	17808.0
9.5	10.5	16042.0
9.0	10.5	14634.0
8.5	10.5	13399.0
8.0	10.5	12437.0
7.5	10.5	11626.0
7.0	10.5	10329.0
6.5	10.5	9486.0
6.0	10.5	8615.0
5.5	10.5	8006.0
5.0	10.5	7502.0
4.5	10.5	7034.0
4.0	10.5	6534.0
3.5	10.5	6065.0
3.0	10.5	5603.0
2.5	10.5	5551.0
2.0	10.5	5165.0
1.5	10.5	4886.0
1.0	10.5	4497.0
0.5	10.5	4362.0
0.0	10.5	4146.0
-0.5	10.5	4023.0
-1.0	10.5	3754.0
-1.5	10.5	3568.0
-2.0	10.5	3445.0
-2.5	10.5	3290.0
-3.0	10.5	3142.0
-3.5	10.5	3075.0
-4.0	10.5	3020.0
-4.5	10.5	2899.0
-5.0	10.5	2827.0
-5.5	10.5	2710.0
-6.0	10.5	2604.0
-6.5	10.5	2564.0
-7.0	10.5	2435.0
-7.5	10.5	2255.0
-8.0	10.5	2280.0
-8.5	10.5	2281.0
-9.0	10.5	2159.0
-9.5	10.5	2118.0
-10.0	10.5	2007.0
-10.5	10.5	2065.0
-11.0	10.5	1887.0
-11.5	10.5	1914.0
-12.0	10.5	1888.0
-12.5	10.5	1865.0
-13.0	10.5	1891.0
-13.5	10.5	1811.0
-14.0	10.5	1834.0
-14.5	10.5	1735.0
-15.0	10.5	1743.0
-15.0	11.0	1632.0
-14.5	11.0	1721.0
-14.0	11.0	1799.0
-13.5	11.0	1792.0
-13.0	11.0	1814.0
-12.5	11.0	1813.0
-12.0	11.0	1895.0
-11.5	11.0	1958.0
-11.0	11.0	1953.0
-10.5	11.0	2067.0
-10.0	11.0	2081.0
-9.5	11.0	2153.0
-9.0	11.0	2170.0
-8.5	11.0	2228.0
-8.0	11.0	2203.0
-7.5	11.0	2317.0
-7.0	11.0	2411.0
-6.5	11.0	2481.0
-6.0	11.0	2508.0
-5.5	11.0	2601.0
-5.0	11.0	2770.0
-4.5	11.0	2839.0
-4.0	11.0	2923.0
-3.5	11.0	2987.0
-3.0	11.0	3084.0
-2.5	11.0	3306.0
-2.0	11.0	3358.0
-1.5	11.0	3502.0
-1.0	11.0	3689.0
-0.5	11.0	3946.0
0.0	11.0	3986.0
0.5	11.0	4202.0
1.0	11.0	4413.0
1.5	11.0	4566.0
2.0	11.0	5081.0
2.5	11.0	5195.0
3.0	11.0	5595.0
3.5	11.0	5691.0
4.0	11.0	6251.0
4.5	11.0	6720.0
5.0	11.0	7077.0
5.5	11.0	7525.0
6.0	11.0	7976.0
6.5	11.0	8833.0
7.0	11.0	9398.0
7.5	11.0	10623.0
8.0	11.0	11556.0
8.5	11.0	12231.0
9.0	11.0	13401.0
9.5	11.0	14477.0
10.0	11.0	15677.0
10.5	11.0	17633.0
11.0	11.0	19329.0
11.5	11.0	21184.0
12.0	11.0	23765.0
12.5	11.0	26595.0
13.0	11.0	29028.0
13.5	11.0	31795.0
14.0	11.0	35128.0
14.5	11.0	39270.0
15.0	11.0	43466.0
15.0	11.5	38746.0
14.5	11.5	34394.0
14.0	11.5	30859.0
13.5	11.5	28653.0
13.0	11.5	26358.0
12.5	11.5	23626.0
12.0	11.5	20960.0
11.5	11.5	18610.0
11.0	11.5	17264.0
10.5	11.5	15800.0
10.0	11.5	14451.0
9.5	11.5	13281.0
9.0	11.5	12140.0
8.5	11.5	10923.0
8.0	11.5	10249.0
7.5	11.5	9440.0
7.0	11.5	8677.0
6.5	11.5	8050.0
6.0	11.5	7252.0
5.5	11.5	6827.0
5.0	11.5	6529.0
4.5	11.5	6279.0
4.0	11.5	5968.0
3.5	11.5	5506.0
3.0	11.5	5304.0
2.5	11.5	4928.0
2.0	11.5	4721.0
1.5	11.5	4422.0
1.0	11.5	4236.0
0.5	11.5	3940.0
0.0	11.5	4014.0
-0.5	11.5	3799.0
-1.0	11.5	3421.0
-1.5	11.5	3396.0
-2.0	11.5	3295.0
-2.5	11.5	3209.0
-3.0	11.5	3092.0
-3.5	11.5	3002.0
-4.0	11.5	2822.0
-4.5	11.5	2791.0
-5.0	11.5	2747.0
-5.5	11.5	2613.0
-6.0	11.5	2540.0
-6.5	11.5	2439.0
-7.0	11.5	2346.0
-7.5	11.5	2301.0
-8.0	11.5	2217.0
-8.5	11.5	2212.0
-9.0	11.5	2238.0
-9.5	11.5	2050.0
-10.0	11.5	1951.0
-10.5	11.5	2019.0
-11.0	11.5	1978.0
-11.5	11.5	1943.0
-12.0	11.5	1873.0
-12.5	11.5	1882.0
-13.0	11.5	1809.0
-13.5	11.5	1873.0
-14.0	11.5	1808.0
-14.5	11.5	1813.0
-15.0	11.5	1821.0
-15.0	12.0	1827.0
-14.5	12.0	1735.0
-14.0	12.0	1857.0
-13.5	12.0	1816.0
-13.0	12.0	1821.0
-12.5	12.0	1875.0
-12.0	12.0	1928.0
-11.5	12.0	1937.0
-11.0	12.0	1974.0
-10.5	12.0	1992.0
-10.0	12.0	2011.0
-9.5	12.0	2125.0
-9.0	12.0	2082.0
-8.5	12.0	2175.0
-8.0	12.0	2320.0
-7.5	12.0	2404.0
-7.0	12.0	2432.0
-6.5	12.0	2410.0
-6.0	12.0	2635.0
-5.5	12.0	2586.0
-5.0	12.0	2728.0
-4.5	12.0	2791.0
-4.0	12.0	2861.0
-3.5	12.0	2854.0
-3.0	12.0	3026.0
-2.5	12.0	3145.0
-2.0	12.0	3207.0
-1.5	12.0	3363.0
-1.0	12.0	3630.0
-0.5	12.0	3717.0
0.0	12.0	3838.0
0.5	12.0	4025.0
1.0	12.0	4224.0
1.5	12.0	4494.0
2.0	12.0	4468.0
2.5	12.0	4959.0
3.0	12.0	5093.0
3.5	12.0	5433.0
4.0	12.0	5789.0
4.5	12.0	6129.0
5.0	12.0	6341.0
5.5	12.0	6567.0
6.0	12.0	6904.0
6.5	12.0	7513.0
7.0	12.0	7975.0
7.5	12.0	8629.0
8.0	12.0	9363.0
8.5	12.0	10183.0
9.0	12.0	10699.0
9.5	12.0	11966.0
10.0	12.0	13171.0
10.5	12.0	14520.0
11.0	12.0	15584.0
11.5	12.0	16895.0
12.0	12.0	18494.0
12.5	12.0	20896.0
13.0	12.0	23229.0
13.5	12.0	25465.0
14.0	12.0	28131.0
14.5	12.0	30776.0
15.0	12.0	34095.0
15.0	12.5	30004.0
14.5	12.5	27030.0
14.0	12.5	24468.0
13.5	12.5	22655.0
13.0	12.5	20858.0
12.5	12.5	18943.0
12.0	12.5	16906.0
11.5	12.5	15476.0
11.0	12.5	13974.0
10.5	12.5	12878.0
10.0	12.5	11766.0
9.5	12.5	10804.0
9.0	12.5	9931.0
8.5	12.5	9386.0
8.0	12.5	8589.0
7.5	12.5	7816.0
7.0	12.5	7286.0
6.5	12.5	6962.0
6.0	12.5	6533.0
5.5	12.5	6248.0
5.0	12.5	5935.0
4.5	12.5	5744.0
4.0	12.5	5507.0
3.5	12.5	5174.0
3.0	12.5	4789.0
2.5	12.5	4658.0
2.0	12.5	4450.0
1.5	12.5	4211.0
1.0	12.5	4136.0
0.5	12.5	3863.0
0.0	12.5	3796.0
-0.5	12.5	3539.0
-1.0	12.5	3541.0
-1.5	12.5	3341.0
-2.0	12.5	3288.0
-2.5	12.5	3176.0
-3.0	12.5	2974.0
-3.5	12.5	2970.0
-4.0	12.5	2895.0
-4.5	12.5	2731.0
-5.0	12.5	2735.0
-5.5	12.5	2621.0
-6.0	12.5	2480.0
-6.5	12.5	2446.0
-7.0	12.5	2434.0
-7.5	12.5	2382.0
-8.0	12.5	2417.0
-8.5	12.5	2237.0
-9.0	12.5	2312.0
-9.5	12.5	2221.0
-10.0	12.5	2165.0
-10.5	12.5	2158.0
-11.0	12.5	2114.0
-11.5	12.5	2085.0
-12.0	12.5	2112.0
-12.5	12.5	1972.0
-13.0	12.5	1942.0
-13.5	12.5	1967.0
-14.0	12.5	1918.0
-14.5	12.5	1901.0
-15.0	12.5	1875.0
-15.0	13.0	1934.0
-14.5	13.0	1854.0
-14.0	13.0	1924.0
-13.5	13.0	1827.0
-13.0	13.0	2006.0
-12.5	13.0	1981.0
-12.0	13.0	2005.0
-11.5	13.0	2081.0
-11.0	13.0	2016.0
-10.5	13.0	2111.0
-10.0	13.0	2058.0
-9.5	13.0	2190.0
-9.0	13.0	2283.0
-8.5	13.0	2260.0
-8.0	13.0	2261.0
-7.5	13.0	2404.0
-7.0	13.0	2421.0
-6.5	13.0	2552.0
-6.0	13.0	2560.0
-5.5	13.0	2616.0
-5.0	13.0	2723.0
-4.5	13.0	2652.0
-4.0	13.0	2902.0
-3.5	13.0	2954.0
-3.0	13.0	3048.0
-2.5	13.0	2985.0
-2.0	13.0	3302.0
-1.5	13.0	3373.0
-1.0	13.0	3400.0
-0.5	13.0	3584.0
0.0	13.0	3711.0
0.5	13.0	3845.0
1.0	13.0	3910.0
1.5	13.0	4133.0
2.0	13.0	4414.0
2.5	13.0	4592.0
3.0	13.0	4810.0
3.5	13.0	4948.0
4.0	13.0	5167.0
4.5	13.0	5373.0
5.0	13.0	5712.0
5.5	13.0	5883.0
6.0	13.0	6134.0
6.5	13.0	6455.0
7.0	13.0	6747.0
7.5	13.0	7256.0
8.0	13.0	7594.0
8.5	13.0	8086.0
9.0	13.0	8908.0
9.5	13.0	9615.0
10.0	13.0	10726.0
10.5	13.0	11527.0
11.0	13.0	12896.0
11.5	13.0	13667.0
12.0	13.0	15347.0
12.5	13.0	16502.0
13.0	13.0	17951.0
13.5	13.0	20042.0
14.0	13.0	21687.0
14.5	13.0	23720.0
15.0	13.0	26190.0
15.0	13.5	22792.0
14.5	13.5	20739.0
14.0	13.5	19018.0
13.5	13.5	17494.0
13.0	13.5	15996.0
12.5	13.5	14654.0
12.0	13.5	13539.0
11.5	13.5	12353.0
11.0	13.5	11332.0
10.5	13.5	10395.0
10.0	13.5	9697.0
9.5	13.5	8848.0
9.0	13.5	8117.0
8.5	13.5	7564.0
8.0	13.5	7052.0
7.5	13.5	6687.0
7.0	13.5	6385.0
6.5	13.5	5997.0
6.0	13.5	5841.0
5.5	13.5	5631.0
5.0	13.5	5322.0
4.5	13.5	5195.0
4.0	13.5	5077.0
3.5	13.5	4832.0
3.0	13.5	4575.0
2.5	13.5	4416.0
2.0	13.5	4201.0
1.5	13.5	4013.0
1.0	13.5	3869.0
0.5	13.5	3735.0
0.0	13.5	3660.0
-0.5	13.5	3518.0
-1.0	13.5	3361.0
-1.5	13.5	3218.0
-2.0	13.5	3029.0
-2.5	13.5	3063.0
-3.0	13.5	2843.0
-3.5	13.5	2909.0
-4.0	13.5	2774.0
-4.5	13.5	2664.0
-5.0	13.5	2710.0
-5.5	13.5	2449.0
-6.0	13.5	2444.0
-6.5	13.5	2352.0
-7.0	13.5	2385.0
-7.5	13.5	2379.0
-8.0	13.5	2391.0
-8.5	13.5	2237.0
-9.0	13.5	2322.0
-9.5	13.5	2236.0
-10.0	13.5	2180.0
-10.5	13.5	2162.0
-11.0	13.5	2067.0
-11.5	13.5	2028.0
-12.0	13.5	1992.0
-12.5	13.5	2010.0
-13.0	13.5	2046.0
-13.5	13.5	1969.0
-14.0	13.5	2028.0
-14.5	13.5	2100.0
-15.0	13.5	2099.0
-15.0	14.0	2231.0
-14.5	14.0	2243.0
-14.0	14.0	2164.0
-13.5	14.0	2204.0
-13.0	14.0	2199.0
-12.5	14.0	2249.0
-12.0	14.0	2358.0
-11.5	14.0	2295.0
-11.0	14.0	2310.0
-10.5	14.0	2308.0
-10.0	14.0	2206.0
-9.5	14.0	2208.0
-9.0	14.0	2250.0
-8.5	14.0	2396.0
-8.0	14.0	2464.0
-7.5	14.0	2327.0
-7.0	14.0	2471.0
-6.5	14.0	2488.0
-6.0	14.0	2569.0
-5.5	14.0	2565.0
-5.0	14.0	2692.0
-4.5	14.0	2790.0
-4.0	14.0	2777.0
-3.5	14.0	2888.0
-3.0	14.0	2934.0
-2.5	14.0	3068.0
-2.0	14.0	3111.0
-1.5	14.0	3167.0
-1.0	14.0	3319.0
-0.5	14.0	3569.0
0.0	14.0	3609.0
0.5	14.0	3650.0
1.0	14.0	3832.0
1.5	14.0	3904.0
2.0	14.0	4215.0
2.5	14.0	4246.0
3.0	14.0	4582.0
3.5	14.0	4671.0
4.0	14.0	4708.0
4.5	14.0	5081.0
5.0	14.0	5122.0
5.5	14.0	5416.0
6.0	14.0	5653.0
6.5	14.0	5857.0
7.0	14.0	6153.0
7.5	14.0	6549.0
8.0	14.0	6800.0
8.5	14.0	6988.0
9.0	14.0	7650.0
9.5	14.0	8024.0
10.0	14.0	8660.0
10.5	14.0	9157.0
11.0	14.0	9956.0
11.5	14.0	10823.0
12.0	14.0	11907.0
12.5	14.0	13058.0
13.0	14.0	14298.0
13.5	14.0	15491.0
14.0	14.0	16708.0
14.5	14.0	18244.0
15.0	14.0	20152.0
15.0	14.5	17555.0
14.5	14.5	16287.0
14.0	14.5	15084.0
13.5	14.5	13929.0
13.0	14.5	12740.0
12.5	14.5	11880.0
12.0	14.5	10578.0
11.5	14.5	9790.0
11.0	14.5	9115.0
10.5	14.5	8317.0
10.0	14.5	7789.0
9.5	14.5	7100.0
9.0	14.5	6945.0
8.5	14.5	6450.0
8.0	14.5	6215.0
7.5	14.5	5983.0
7.0	14.5	5704.0
6.5	14.5	5538.0
6.0	14.5	5368.0
5.5	14.5	5199.0
5.0	14.5	5060.0
4.5	14.5	4629.0
4.0	14.5	4593.0
3.5	14.5	4407.0
3.0	14.5	4228.0
2.5	14.5	4182.0
2.0	14.5	4091.0
1.5	14.5	3945.0
1.0	14.5	3693.0
0.5	14.5	3572.0
0.0	14.5	3589.0
-0.5	14.5	3460.0
-1.0	14.5	3417.0
-1.5	14.5	3081.0
-2.0	14.5	3176.0
-2.5	14.5	3043.0
-3.0	14.5	3015.0
-3.5	14.5	2880.0
-4.0	14.5	2758.0
-4.5	14.5	2853.0
-5.0	14.5	2580.0
-5.5	14.5	2664.0
-6.0	14.5	2534.0
-6.5	14.5	2465.0
-7.0	14.5	2370.0
-7.5	14.5	2439.0
-8.0	14.5	2377.0
-8.5	14.5	2367.0
-9.0	14.5	2302.0
-9.5	14.5	2298.0
-10.0	14.5	2297.0
-10.5	14.5	2284.0
-11.0	14.5	2265.0
-11.5	14.5	2299.0
-12.0	14.5	2182.0
-12.5	14.5	2243.0
-13.0	14.5	2239.0
-13.5	14.5	2164.0
-14.0	14.5	2164.0
-14.5	14.5	2119.0
-15.0	14.5	2176.0
-15.0	15.0	2497.0
-14.5	15.0	2524.0
-14.0	15.0	2426.0
-13.5	15.0	2314.0
-13.0	15.0	2389.0
-12.5	15.0	2248.0
-12.0	15.0	2358.0
-11.5	15.0	2347.0
-11.0	15.0	2326.0
-10.5	15.0	2322.0
-10.0	15.0	2363.0
-9.5	15.0	2367.0
-9.0	15.0	2569.0
-8.5	15.0	2470.0
-8.0	15.0	2533.0
-7.5	15.0	2658.0
-7.0	15.0	2637.0
-6.5	15.0	2635.0
-6.0	15.0	2790.0
-5.5	15.0	2721.0
-5.0	15.0	2797.0
-4.5	15.0	2892.0
-4.0	15.0	2980.0
-3.5	15.0	2937.0
-3.0	15.0	3067.0
-2.5	15.0	3030.0
-2.0	15.0	3068.0
-1.5	15.0	3210.0
-1.0	15.0	3293.0
-0.5	15.0	3404.0
0.0	15.0	3605.0
0.5	15.0	3596.0
1.0	15.0	3701.0
1.5	15.0	3881.0
2.0	15.0	3919.0
2.5	15.0	4100.0
3.0	15.0	4216.0
3.5	15.0	4218.0
4.0	15.0	4518.0
4.5	15.0	4691.0
5.0	15.0	4788.0
5.5	15.0	5024.0
6.0	15.0	4984.0
6.5	15.0	5226.0
7.0	15.0	5507.0
7.5	15.0	5650.0
8.0	15.0	5835.0
8.5	15.0	6214.0
9.0	15.0	6390.0
9.5	15.0	6667.0
10.0	15.0	7051.0
10.5	15.0	7491.0
11.0	15.0	8171.0
11.5	15.0	8885.0
12.0	15.0	9531.0
12.5	15.0	10481.0
13.0	15.0	11157.0
13.5	15.0	12175.0
14.0	15.0	13399.0
14.5	15.0	14724.0
15.0	15.0	15862.0
