# Integration time (s): 0.1
# X	Y	Counts
8.0	-21.0	1917.0
9.0	-21.0	1875.0
10.0	-21.0	1960.0
11.0	-21.0	1916.0
12.0	-21.0	1938.0
13.0	-21.0	1853.0
14.0	-21.0	1765.0
15.0	-21.0	1881.0
16.0	-21.0	1769.0
17.0	-21.0	1732.0
18.0	-21.0	1788.0
19.0	-21.0	1825.0
20.0	-21.0	1808.0
21.0	-21.0	1769.0
22.0	-21.0	1813.0
23.0	-21.0	1817.0
24.0	-21.0	1803.0
25.0	-21.0	1676.0
26.0	-21.0	1810.0
27.0	-21.0	1798.0
28.0	-21.0	1747.0
29.0	-21.0	1675.0
30.0	-21.0	1657.0
31.0	-21.0	1727.0
32.0	-21.0	1755.0
33.0	-21.0	1699.0
34.0	-21.0	1702.0
35.0	-21.0	1672.0
36.0	-21.0	1609.0
37.0	-21.0	1569.0
38.0	-21.0	1558.0
39.0	-21.0	1436.0
40.0	-21.0	1400.0
41.0	-21.0	1407.0
42.0	-21.0	1430.0
43.0	-21.0	1491.0
44.0	-21.0	1553.0
45.0	-21.0	1478.0
46.0	-21.0	1465.0
47.0	-21.0	1351.0
48.0	-21.0	1494.0
49.0	-21.0	1511.0
50.0	-21.0	1470.0
51.0	-21.0	1528.0
52.0	-21.0	1523.0
53.0	-21.0	1490.0
54.0	-21.0	1380.0
55.0	-21.0	1504.0
56.0	-21.0	1472.0
57.0	-21.0	1439.0
58.0	-21.0	1485.0
59.0	-21.0	1454.0
60.0	-21.0	1467.0
61.0	-21.0	1491.0
62.0	-21.0	1495.0
63.0	-21.0	1396.0
64.0	-21.0	1519.0
65.0	-21.0	1442.0
66.0	-21.0	1453.0
67.0	-21.0	1552.0
68.0	-21.0	1380.0
68.0	-20.0	1385.0
67.0	-20.0	1359.0
66.0	-20.0	1389.0
65.0	-20.0	1416.0
64.0	-20.0	1414.0
63.0	-20.0	1438.0
62.0	-20.0	1470.0
61.0	-20.0	1520.0
60.0	-20.0	1530.0
59.0	-20.0	1536.0
58.0	-20.0	1581.0
57.0	-20.0	1638.0
56.0	-20.0	1631.0
55.0	-20.0	1647.0
54.0	-20.0	1745.0
53.0	-20.0	1877.0
52.0	-20.0	1838.0
51.0	-20.0	1886.0
50.0	-20.0	1929.0
49.0	-20.0	1782.0
48.0	-20.0	1478.0
47.0	-20.0	1533.0
46.0	-20.0	1454.0
45.0	-20.0	1503.0
44.0	-20.0	1484.0
43.0	-20.0	1598.0
42.0	-20.0	1468.0
41.0	-20.0	1525.0
40.0	-20.0	1442.0
39.0	-20.0	1503.0
38.0	-20.0	1594.0
37.0	-20.0	1621.0
36.0	-20.0	1679.0
35.0	-20.0	1751.0
34.0	-20.0	1804.0
33.0	-20.0	1660.0
32.0	-20.0	1715.0
31.0	-20.0	1749.0
30.0	-20.0	1674.0
29.0	-20.0	1707.0
28.0	-20.0	1747.0
27.0	-20.0	1761.0
26.0	-20.0	1728.0
25.0	-20.0	1693.0
24.0	-20.0	1769.0
23.0	-20.0	1755.0
22.0	-20.0	1911.0
21.0	-20.0	1861.0
20.0	-20.0	1874.0
19.0	-20.0	1894.0
18.0	-20.0	1929.0
17.0	-20.0	1896.0
16.0	-20.0	1921.0
15.0	-20.0	1979.0
14.0	-20.0	1995.0
13.0	-20.0	1958.0
12.0	-20.0	1971.0
11.0	-20.0	1896.0
10.0	-20.0	2165.0
9.0	-20.0	2133.0
8.0	-20.0	2153.0
8.0	-19.0	2287.0
9.0	-19.0	2341.0
10.0	-19.0	2304.0
11.0	-19.0	2224.0
12.0	-19.0	2178.0
13.0	-19.0	2298.0
14.0	-19.0	2365.0
15.0	-19.0	2113.0
16.0	-19.0	2060.0
17.0	-19.0	2024.0
18.0	-19.0	2050.0
19.0	-19.0	2120.0
20.0	-19.0	2093.0
21.0	-19.0	2015.0
22.0	-19.0	2136.0
23.0	-19.0	2005.0
24.0	-19.0	1728.0
25.0	-19.0	1672.0
26.0	-19.0	1692.0
27.0	-19.0	1735.0
28.0	-19.0	1751.0
29.0	-19.0	1738.0
30.0	-19.0	1768.0
31.0	-19.0	1832.0
32.0	-19.0	1767.0
33.0	-19.0	1836.0
34.0	-19.0	1753.0
35.0	-19.0	1839.0
36.0	-19.0	1821.0
37.0	-19.0	1635.0
38.0	-19.0	1614.0
39.0	-19.0	1543.0
40.0	-19.0	1608.0
41.0	-19.0	1497.0
42.0	-19.0	1458.0
43.0	-19.0	1298.0
44.0	-19.0	1307.0
45.0	-19.0	1260.0
46.0	-19.0	1356.0
47.0	-19.0	1354.0
48.0	-19.0	1405.0
49.0	-19.0	1474.0
50.0	-19.0	1547.0
51.0	-19.0	1695.0
52.0	-19.0	1556.0
53.0	-19.0	1565.0
54.0	-19.0	1554.0
55.0	-19.0	1561.0
56.0	-19.0	1593.0
57.0	-19.0	1607.0
58.0	-19.0	1603.0
59.0	-19.0	1549.0
60.0	-19.0	1617.0
61.0	-19.0	1571.0
62.0	-19.0	1578.0
63.0	-19.0	1578.0
64.0	-19.0	1600.0
65.0	-19.0	1593.0
66.0	-19.0	1486.0
67.0	-19.0	1452.0
68.0	-19.0	1503.0
68.0	-18.0	1464.0
67.0	-18.0	1443.0
66.0	-18.0	1408.0
65.0	-18.0	1457.0
64.0	-18.0	1436.0
63.0	-18.0	1445.0
62.0	-18.0	1498.0
61.0	-18.0	1459.0
60.0	-18.0	1454.0
59.0	-18.0	1379.0
58.0	-18.0	1439.0
57.0	-18.0	1526.0
56.0	-18.0	1449.0
55.0	-18.0	1534.0
54.0	-18.0	1475.0
53.0	-18.0	1496.0
52.0	-18.0	1609.0
51.0	-18.0	1524.0
50.0	-18.0	1369.0
49.0	-18.0	1290.0
48.0	-18.0	1317.0
47.0	-18.0	1218.0
46.0	-18.0	1229.0
45.0	-18.0	1254.0
44.0	-18.0	1211.0
43.0	-18.0	1267.0
42.0	-18.0	1321.0
41.0	-18.0	1420.0
40.0	-18.0	1562.0
39.0	-18.0	1482.0
38.0	-18.0	1575.0
37.0	-18.0	1555.0
36.0	-18.0	1631.0
35.0	-18.0	1652.0
34.0	-18.0	1726.0
33.0	-18.0	1717.0
32.0	-18.0	1613.0
31.0	-18.0	1650.0
30.0	-18.0	1625.0
29.0	-18.0	1687.0
28.0	-18.0	1788.0
27.0	-18.0	1849.0
26.0	-18.0	1817.0
25.0	-18.0	1809.0
24.0	-18.0	1869.0
23.0	-18.0	1892.0
22.0	-18.0	1897.0
21.0	-18.0	1828.0
20.0	-18.0	2025.0
19.0	-18.0	2052.0
18.0	-18.0	2124.0
17.0	-18.0	2130.0
16.0	-18.0	2197.0
15.0	-18.0	2314.0
14.0	-18.0	2297.0
13.0	-18.0	2361.0
12.0	-18.0	2445.0
11.0	-18.0	2342.0
10.0	-18.0	2463.0
9.0	-18.0	2467.0
8.0	-18.0	2669.0
8.0	-17.0	2766.0
9.0	-17.0	2716.0
10.0	-17.0	2685.0
11.0	-17.0	2728.0
12.0	-17.0	2738.0
13.0	-17.0	2550.0
14.0	-17.0	2436.0
15.0	-17.0	2500.0
16.0	-17.0	2359.0
17.0	-17.0	2274.0
18.0	-17.0	2188.0
19.0	-17.0	2308.0
20.0	-17.0	2200.0
21.0	-17.0	1997.0
22.0	-17.0	2056.0
23.0	-17.0	2081.0
24.0	-17.0	1995.0
25.0	-17.0	1791.0
26.0	-17.0	1803.0
27.0	-17.0	1971.0
28.0	-17.0	1828.0
29.0	-17.0	1907.0
30.0	-17.0	1750.0
31.0	-17.0	1686.0
32.0	-17.0	1747.0
33.0	-17.0	1766.0
34.0	-17.0	1747.0
35.0	-17.0	1759.0
36.0	-17.0	1635.0
37.0	-17.0	1724.0
38.0	-17.0	1750.0
39.0	-17.0	1685.0
40.0	-17.0	1590.0
41.0	-17.0	1447.0
42.0	-17.0	1240.0
43.0	-17.0	1245.0
44.0	-17.0	1293.0
45.0	-17.0	1174.0
46.0	-17.0	1258.0
47.0	-17.0	1243.0
48.0	-17.0	1280.0
49.0	-17.0	1295.0
50.0	-17.0	1444.0
51.0	-17.0	1489.0
52.0	-17.0	1615.0
53.0	-17.0	1507.0
54.0	-17.0	1496.0
55.0	-17.0	1450.0
56.0	-17.0	1469.0
57.0	-17.0	1563.0
58.0	-17.0	1534.0
59.0	-17.0	1430.0
60.0	-17.0	1510.0
61.0	-17.0	1507.0
62.0	-17.0	1491.0
63.0	-17.0	1479.0
64.0	-17.0	1425.0
65.0	-17.0	1550.0
66.0	-17.0	1529.0
67.0	-17.0	1516.0
68.0	-17.0	1440.0
68.0	-16.0	1465.0
67.0	-16.0	1474.0
66.0	-16.0	1431.0
65.0	-16.0	1366.0
64.0	-16.0	1461.0
63.0	-16.0	1474.0
62.0	-16.0	1461.0
61.0	-16.0	1498.0
60.0	-16.0	1607.0
59.0	-16.0	1602.0
58.0	-16.0	1607.0
57.0	-16.0	1569.0
56.0	-16.0	1581.0
55.0	-16.0	1566.0
54.0	-16.0	1547.0
53.0	-16.0	1598.0
52.0	-16.0	1628.0
51.0	-16.0	1544.0
50.0	-16.0	1406.0
49.0	-16.0	1392.0
48.0	-16.0	1326.0
47.0	-16.0	1344.0
46.0	-16.0	1289.0
45.0	-16.0	1240.0
44.0	-16.0	1288.0
43.0	-16.0	1350.0
42.0	-16.0	1315.0
41.0	-16.0	1403.0
40.0	-16.0	1485.0
39.0	-16.0	1592.0
38.0	-16.0	1629.0
37.0	-16.0	1725.0
36.0	-16.0	1743.0
35.0	-16.0	1732.0
34.0	-16.0	1736.0
33.0	-16.0	1892.0
32.0	-16.0	1859.0
31.0	-16.0	1772.0
30.0	-16.0	1955.0
29.0	-16.0	1892.0
28.0	-16.0	1913.0
27.0	-16.0	1957.0
26.0	-16.0	1994.0
25.0	-16.0	1998.0
24.0	-16.0	2067.0
23.0	-16.0	2072.0
22.0	-16.0	2189.0
21.0	-16.0	2185.0
20.0	-16.0	2437.0
19.0	-16.0	2387.0
18.0	-16.0	2397.0
17.0	-16.0	2533.0
16.0	-16.0	2537.0
15.0	-16.0	2686.0
14.0	-16.0	2825.0
13.0	-16.0	2822.0
12.0	-16.0	2853.0
11.0	-16.0	2983.0
10.0	-16.0	3123.0
9.0	-16.0	2923.0
8.0	-16.0	3018.0
8.0	-15.0	3553.0
9.0	-15.0	3529.0
10.0	-15.0	3425.0
11.0	-15.0	3535.0
12.0	-15.0	3596.0
13.0	-15.0	3358.0
14.0	-15.0	3378.0
15.0	-15.0	3119.0
16.0	-15.0	2938.0
17.0	-15.0	2854.0
18.0	-15.0	2733.0
19.0	-15.0	2790.0
20.0	-15.0	2652.0
21.0	-15.0	2594.0
22.0	-15.0	2403.0
23.0	-15.0	2394.0
24.0	-15.0	2265.0
25.0	-15.0	2222.0
26.0	-15.0	2170.0
27.0	-15.0	1977.0
28.0	-15.0	2075.0
29.0	-15.0	1946.0
30.0	-15.0	1946.0
31.0	-15.0	1938.0
32.0	-15.0	1915.0
33.0	-15.0	1879.0
34.0	-15.0	1816.0
35.0	-15.0	1833.0
36.0	-15.0	1771.0
37.0	-15.0	1765.0
38.0	-15.0	1706.0
39.0	-15.0	1660.0
40.0	-15.0	1446.0
41.0	-15.0	1408.0
42.0	-15.0	1304.0
43.0	-15.0	1332.0
44.0	-15.0	1280.0
45.0	-15.0	1320.0
46.0	-15.0	1250.0
47.0	-15.0	1401.0
48.0	-15.0	1427.0
49.0	-15.0	1384.0
50.0	-15.0	1408.0
51.0	-15.0	1452.0
52.0	-15.0	1618.0
53.0	-15.0	1617.0
54.0	-15.0	1596.0
55.0	-15.0	1574.0
56.0	-15.0	1507.0
57.0	-15.0	1554.0
58.0	-15.0	1492.0
59.0	-15.0	1552.0
60.0	-15.0	1501.0
61.0	-15.0	1516.0
62.0	-15.0	1492.0
63.0	-15.0	1509.0
64.0	-15.0	1597.0
65.0	-15.0	1564.0
66.0	-15.0	1567.0
67.0	-15.0	1647.0
68.0	-15.0	1582.0
68.0	-14.0	1612.0
67.0	-14.0	1664.0
66.0	-14.0	1609.0
65.0	-14.0	1504.0
64.0	-14.0	1485.0
63.0	-14.0	1482.0
62.0	-14.0	1516.0
61.0	-14.0	1556.0
60.0	-14.0	1712.0
59.0	-14.0	1585.0
58.0	-14.0	1588.0
57.0	-14.0	1624.0
56.0	-14.0	1676.0
55.0	-14.0	1622.0
54.0	-14.0	1722.0
53.0	-14.0	1668.0
52.0	-14.0	1639.0
51.0	-14.0	1496.0
50.0	-14.0	1420.0
49.0	-14.0	1408.0
48.0	-14.0	1385.0
47.0	-14.0	1436.0
46.0	-14.0	1421.0
45.0	-14.0	1388.0
44.0	-14.0	1314.0
43.0	-14.0	1409.0
42.0	-14.0	1386.0
41.0	-14.0	1513.0
40.0	-14.0	1517.0
39.0	-14.0	1702.0
38.0	-14.0	1876.0
37.0	-14.0	1908.0
36.0	-14.0	1749.0
35.0	-14.0	1874.0
34.0	-14.0	1896.0
33.0	-14.0	2065.0
32.0	-14.0	1948.0
31.0	-14.0	2017.0
30.0	-14.0	2208.0
29.0	-14.0	2275.0
28.0	-14.0	2272.0
27.0	-14.0	2371.0
26.0	-14.0	2507.0
25.0	-14.0	2492.0
24.0	-14.0	2601.0
23.0	-14.0	2838.0
22.0	-14.0	2933.0
21.0	-14.0	3091.0
20.0	-14.0	3110.0
19.0	-14.0	3389.0
18.0	-14.0	3395.0
17.0	-14.0	3538.0
16.0	-14.0	3573.0
15.0	-14.0	3901.0
14.0	-14.0	4158.0
13.0	-14.0	4126.0
12.0	-14.0	4074.0
11.0	-14.0	4267.0
10.0	-14.0	4237.0
9.0	-14.0	4332.0
8.0	-14.0	4115.0
8.0	-13.0	4937.0
9.0	-13.0	5355.0
10.0	-13.0	5326.0
11.0	-13.0	5034.0
12.0	-13.0	4838.0
13.0	-13.0	5307.0
14.0	-13.0	5035.0
15.0	-13.0	4925.0
16.0	-13.0	4745.0
17.0	-13.0	4419.0
18.0	-13.0	4295.0
19.0	-13.0	4154.0
20.0	-13.0	3881.0
21.0	-13.0	3919.0
22.0	-13.0	3789.0
23.0	-13.0	3655.0
24.0	-13.0	3436.0
25.0	-13.0	3283.0
26.0	-13.0	3162.0
27.0	-13.0	3198.0
28.0	-13.0	2849.0
29.0	-13.0	2715.0
30.0	-13.0	2585.0
31.0	-13.0	2536.0
32.0	-13.0	2313.0
33.0	-13.0	2250.0
34.0	-13.0	2142.0
35.0	-13.0	2009.0
36.0	-13.0	1977.0
37.0	-13.0	1887.0
38.0	-13.0	1843.0
39.0	-13.0	1737.0
40.0	-13.0	1605.0
41.0	-13.0	1489.0
42.0	-13.0	1466.0
43.0	-13.0	1394.0
44.0	-13.0	1376.0
45.0	-13.0	1389.0
46.0	-13.0	1414.0
47.0	-13.0	1370.0
48.0	-13.0	1368.0
49.0	-13.0	1382.0
50.0	-13.0	1487.0
51.0	-13.0	1382.0
52.0	-13.0	1593.0
53.0	-13.0	1693.0
54.0	-13.0	1643.0
55.0	-13.0	1763.0
56.0	-13.0	1764.0
57.0	-13.0	1658.0
58.0	-13.0	1711.0
59.0	-13.0	1659.0
60.0	-13.0	1563.0
61.0	-13.0	1589.0
62.0	-13.0	1675.0
63.0	-13.0	1661.0
64.0	-13.0	2298.0
65.0	-13.0	2614.0
66.0	-13.0	1710.0
67.0	-13.0	1658.0
68.0	-13.0	1505.0
68.0	-12.0	1543.0
67.0	-12.0	1587.0
66.0	-12.0	1494.0
65.0	-12.0	1470.0
64.0	-12.0	1501.0
63.0	-12.0	1496.0
62.0	-12.0	1562.0
61.0	-12.0	1582.0
60.0	-12.0	1529.0
59.0	-12.0	1553.0
58.0	-12.0	1541.0
57.0	-12.0	1540.0
56.0	-12.0	1749.0
55.0	-12.0	1717.0
54.0	-12.0	1689.0
53.0	-12.0	1638.0
52.0	-12.0	1552.0
51.0	-12.0	1507.0
50.0	-12.0	1460.0
49.0	-12.0	1599.0
48.0	-12.0	1546.0
47.0	-12.0	1730.0
46.0	-12.0	1675.0
45.0	-12.0	1720.0
44.0	-12.0	1840.0
43.0	-12.0	1713.0
42.0	-12.0	1771.0
41.0	-12.0	1606.0
40.0	-12.0	1789.0
39.0	-12.0	2007.0
38.0	-12.0	2089.0
37.0	-12.0	2168.0
36.0	-12.0	2214.0
35.0	-12.0	2329.0
34.0	-12.0	2335.0
33.0	-12.0	2467.0
32.0	-12.0	2604.0
31.0	-12.0	2765.0
30.0	-12.0	3048.0
29.0	-12.0	3201.0
28.0	-12.0	3380.0
27.0	-12.0	3427.0
26.0	-12.0	3589.0
25.0	-12.0	3639.0
24.0	-12.0	3888.0
23.0	-12.0	4232.0
22.0	-12.0	4448.0
21.0	-12.0	4632.0
20.0	-12.0	4857.0
19.0	-12.0	5174.0
18.0	-12.0	5083.0
17.0	-12.0	5495.0
16.0	-12.0	5948.0
15.0	-12.0	5816.0
14.0	-12.0	6172.0
13.0	-12.0	6405.0
12.0	-12.0	6496.0
11.0	-12.0	6392.0
10.0	-12.0	6538.0
9.0	-12.0	6462.0
8.0	-12.0	6734.0
8.0	-11.0	8826.0
9.0	-11.0	8468.0
10.0	-11.0	8501.0
11.0	-11.0	8431.0
12.0	-11.0	8691.0
13.0	-11.0	8301.0
14.0	-11.0	8133.0
15.0	-11.0	7983.0
16.0	-11.0	7681.0
17.0	-11.0	7063.0
18.0	-11.0	6789.0
19.0	-11.0	6481.0
20.0	-11.0	6180.0
21.0	-11.0	6088.0
22.0	-11.0	5818.0
23.0	-11.0	5490.0
24.0	-11.0	5315.0
25.0	-11.0	4983.0
26.0	-11.0	4659.0
27.0	-11.0	4312.0
28.0	-11.0	4119.0
29.0	-11.0	3965.0
30.0	-11.0	3835.0
31.0	-11.0	3354.0
32.0	-11.0	3222.0
33.0	-11.0	3055.0
34.0	-11.0	2855.0
35.0	-11.0	2705.0
36.0	-11.0	2594.0
37.0	-11.0	2410.0
38.0	-11.0	2326.0
39.0	-11.0	2081.0
40.0	-11.0	1844.0
41.0	-11.0	1797.0
42.0	-11.0	1662.0
43.0	-11.0	1584.0
44.0	-11.0	1497.0
45.0	-11.0	1478.0
46.0	-11.0	1528.0
47.0	-11.0	1449.0
48.0	-11.0	1507.0
49.0	-11.0	1453.0
50.0	-11.0	1829.0
51.0	-11.0	1807.0
52.0	-11.0	1950.0
53.0	-11.0	2199.0
54.0	-11.0	2266.0
55.0	-11.0	1712.0
56.0	-11.0	1468.0
57.0	-11.0	1473.0
58.0	-11.0	1462.0
59.0	-11.0	1521.0
60.0	-11.0	1550.0
61.0	-11.0	1525.0
62.0	-11.0	1581.0
63.0	-11.0	1549.0
64.0	-11.0	1532.0
65.0	-11.0	1438.0
66.0	-11.0	1527.0
67.0	-11.0	1379.0
68.0	-11.0	1371.0
68.0	-10.0	1405.0
67.0	-10.0	1449.0
66.0	-10.0	1367.0
65.0	-10.0	1411.0
64.0	-10.0	1387.0
63.0	-10.0	1542.0
62.0	-10.0	1504.0
61.0	-10.0	1429.0
60.0	-10.0	1445.0
59.0	-10.0	1460.0
58.0	-10.0	1456.0
57.0	-10.0	1382.0
56.0	-10.0	1380.0
55.0	-10.0	1446.0
54.0	-10.0	1477.0
53.0	-10.0	1413.0
52.0	-10.0	1431.0
51.0	-10.0	1457.0
50.0	-10.0	1374.0
49.0	-10.0	1426.0
48.0	-10.0	1414.0
47.0	-10.0	1454.0
46.0	-10.0	1463.0
45.0	-10.0	1425.0
44.0	-10.0	1621.0
43.0	-10.0	1677.0
42.0	-10.0	1917.0
41.0	-10.0	2017.0
40.0	-10.0	2129.0
39.0	-10.0	2449.0
38.0	-10.0	2746.0
37.0	-10.0	2752.0
36.0	-10.0	3089.0
35.0	-10.0	3232.0
34.0	-10.0	3518.0
33.0	-10.0	3832.0
32.0	-10.0	4191.0
31.0	-10.0	4473.0
30.0	-10.0	4737.0
29.0	-10.0	5128.0
28.0	-10.0	5249.0
27.0	-10.0	5549.0
26.0	-10.0	5921.0
25.0	-10.0	6615.0
24.0	-10.0	6661.0
23.0	-10.0	7034.0
22.0	-10.0	7453.0
21.0	-10.0	7749.0
20.0	-10.0	8052.0
19.0	-10.0	8286.0
18.0	-10.0	8752.0
17.0	-10.0	9129.0
16.0	-10.0	9465.0
15.0	-10.0	9473.0
14.0	-10.0	10082.0
13.0	-10.0	10252.0
12.0	-10.0	10440.0
11.0	-10.0	11046.0
10.0	-10.0	11434.0
9.0	-10.0	10916.0
8.0	-10.0	10763.0
8.0	-9.0	14247.0
9.0	-9.0	13250.0
10.0	-9.0	12920.0
11.0	-9.0	13484.0
12.0	-9.0	14257.0
13.0	-9.0	14024.0
14.0	-9.0	13592.0
15.0	-9.0	12623.0
16.0	-9.0	12195.0
17.0	-9.0	11660.0
18.0	-9.0	11342.0
19.0	-9.0	10721.0
20.0	-9.0	10246.0
21.0	-9.0	9828.0
22.0	-9.0	9865.0
23.0	-9.0	9573.0
24.0	-9.0	9221.0
25.0	-9.0	8575.0
26.0	-9.0	7897.0
27.0	-9.0	7308.0
28.0	-9.0	7078.0
29.0	-9.0	6655.0
30.0	-9.0	6293.0
31.0	-9.0	5923.0
32.0	-9.0	5386.0
33.0	-9.0	4949.0
34.0	-9.0	4648.0
35.0	-9.0	4149.0
36.0	-9.0	3818.0
37.0	-9.0	3694.0
38.0	-9.0	3469.0
39.0	-9.0	3267.0
40.0	-9.0	2795.0
41.0	-9.0	2484.0
42.0	-9.0	2297.0
43.0	-9.0	2117.0
44.0	-9.0	2012.0
45.0	-9.0	1735.0
46.0	-9.0	1697.0
47.0	-9.0	1654.0
48.0	-9.0	1570.0
49.0	-9.0	1644.0
50.0	-9.0	1569.0
51.0	-9.0	1586.0
52.0	-9.0	1552.0
53.0	-9.0	1549.0
54.0	-9.0	1560.0
55.0	-9.0	1505.0
56.0	-9.0	1485.0
57.0	-9.0	1511.0
58.0	-9.0	1512.0
59.0	-9.0	1533.0
60.0	-9.0	1578.0
61.0	-9.0	1572.0
62.0	-9.0	1503.0
63.0	-9.0	1476.0
64.0	-9.0	1433.0
65.0	-9.0	1457.0
66.0	-9.0	1487.0
67.0	-9.0	1437.0
68.0	-9.0	1446.0
68.0	-8.0	1503.0
67.0	-8.0	1542.0
66.0	-8.0	1449.0
65.0	-8.0	1479.0
64.0	-8.0	1394.0
63.0	-8.0	1448.0
62.0	-8.0	1511.0
61.0	-8.0	1593.0
60.0	-8.0	1519.0
59.0	-8.0	1674.0
58.0	-8.0	1615.0
57.0	-8.0	1563.0
56.0	-8.0	1576.0
55.0	-8.0	1641.0
54.0	-8.0	1531.0
53.0	-8.0	1516.0
52.0	-8.0	1633.0
51.0	-8.0	1715.0
50.0	-8.0	1788.0
49.0	-8.0	1859.0
48.0	-8.0	1889.0
47.0	-8.0	2045.0
46.0	-8.0	2203.0
45.0	-8.0	2241.0
44.0	-8.0	2454.0
43.0	-8.0	2699.0
42.0	-8.0	2972.0
41.0	-8.0	3197.0
40.0	-8.0	3441.0
39.0	-8.0	4028.0
38.0	-8.0	4563.0
37.0	-8.0	4944.0
36.0	-8.0	5232.0
35.0	-8.0	5662.0
34.0	-8.0	6087.0
33.0	-8.0	6541.0
32.0	-8.0	7306.0
31.0	-8.0	7704.0
30.0	-8.0	8291.0
29.0	-8.0	8548.0
28.0	-8.0	9192.0
27.0	-8.0	9573.0
26.0	-8.0	10633.0
25.0	-8.0	11388.0
24.0	-8.0	11808.0
23.0	-8.0	12360.0
22.0	-8.0	12485.0
21.0	-8.0	13065.0
20.0	-8.0	13730.0
19.0	-8.0	14164.0
18.0	-8.0	14581.0
17.0	-8.0	15565.0
16.0	-8.0	15930.0
15.0	-8.0	16531.0
14.0	-8.0	16992.0
13.0	-8.0	17600.0
12.0	-8.0	16793.0
11.0	-8.0	16926.0
10.0	-8.0	17081.0
9.0	-8.0	18628.0
8.0	-8.0	17785.0
8.0	-7.0	28272.0
9.0	-7.0	26018.0
10.0	-7.0	23335.0
11.0	-7.0	22037.0
12.0	-7.0	22159.0
13.0	-7.0	21715.0
14.0	-7.0	21498.0
15.0	-7.0	21090.0
16.0	-7.0	20953.0
17.0	-7.0	20213.0
18.0	-7.0	19648.0
19.0	-7.0	18630.0
20.0	-7.0	17523.0
21.0	-7.0	17448.0
22.0	-7.0	17125.0
23.0	-7.0	16558.0
24.0	-7.0	15786.0
25.0	-7.0	14849.0
26.0	-7.0	13911.0
27.0	-7.0	12954.0
28.0	-7.0	12412.0
29.0	-7.0	11442.0
30.0	-7.0	11232.0
31.0	-7.0	10504.0
32.0	-7.0	9450.0
33.0	-7.0	8650.0
34.0	-7.0	7990.0
35.0	-7.0	7252.0
36.0	-7.0	6808.0
37.0	-7.0	6193.0
38.0	-7.0	5696.0
39.0	-7.0	4894.0
40.0	-7.0	4738.0
41.0	-7.0	4064.0
42.0	-7.0	3700.0
43.0	-7.0	3249.0
44.0	-7.0	2994.0
45.0	-7.0	2708.0
46.0	-7.0	2510.0
47.0	-7.0	2451.0
48.0	-7.0	2266.0
49.0	-7.0	2200.0
50.0	-7.0	2041.0
51.0	-7.0	1896.0
52.0	-7.0	1782.0
53.0	-7.0	1711.0
54.0	-7.0	1713.0
55.0	-7.0	1718.0
56.0	-7.0	1823.0
57.0	-7.0	1650.0
58.0	-7.0	1698.0
59.0	-7.0	1667.0
60.0	-7.0	1677.0
61.0	-7.0	1625.0
62.0	-7.0	1549.0
63.0	-7.0	1540.0
64.0	-7.0	1525.0
65.0	-7.0	1502.0
66.0	-7.0	1471.0
67.0	-7.0	1503.0
68.0	-7.0	1471.0
68.0	-6.0	1413.0
67.0	-6.0	1508.0
66.0	-6.0	1479.0
65.0	-6.0	1516.0
64.0	-6.0	1573.0
63.0	-6.0	1530.0
62.0	-6.0	1581.0
61.0	-6.0	1590.0
60.0	-6.0	1649.0
59.0	-6.0	1697.0
58.0	-6.0	1826.0
57.0	-6.0	1964.0
56.0	-6.0	1866.0
55.0	-6.0	1957.0
54.0	-6.0	1946.0
53.0	-6.0	1981.0
52.0	-6.0	2048.0
51.0	-6.0	2165.0
50.0	-6.0	2488.0
49.0	-6.0	2686.0
48.0	-6.0	2920.0
47.0	-6.0	3049.0
46.0	-6.0	3258.0
45.0	-6.0	3395.0
44.0	-6.0	3873.0
43.0	-6.0	4301.0
42.0	-6.0	4788.0
41.0	-6.0	5535.0
40.0	-6.0	6287.0
39.0	-6.0	6927.0
38.0	-6.0	7540.0
37.0	-6.0	8156.0
36.0	-6.0	8873.0
35.0	-6.0	9721.0
34.0	-6.0	11057.0
33.0	-6.0	11745.0
32.0	-6.0	13016.0
31.0	-6.0	13857.0
30.0	-6.0	14625.0
29.0	-6.0	15815.0
28.0	-6.0	16431.0
27.0	-6.0	17421.0
26.0	-6.0	18266.0
25.0	-6.0	19432.0
24.0	-6.0	20377.0
23.0	-6.0	21760.0
22.0	-6.0	22589.0
21.0	-6.0	23560.0
20.0	-6.0	23948.0
19.0	-6.0	24064.0
18.0	-6.0	25169.0
17.0	-6.0	26381.0
16.0	-6.0	26391.0
15.0	-6.0	27060.0
14.0	-6.0	27769.0
13.0	-6.0	28437.0
12.0	-6.0	29370.0
11.0	-6.0	30933.0
10.0	-6.0	33129.0
9.0	-6.0	39269.0
8.0	-6.0	54292.0
8.0	-5.0	81189.0
9.0	-5.0	75259.0
10.0	-5.0	51831.0
11.0	-5.0	44937.0
12.0	-5.0	40528.0
13.0	-5.0	37693.0
14.0	-5.0	35504.0
15.0	-5.0	34642.0
16.0	-5.0	33455.0
17.0	-5.0	32945.0
18.0	-5.0	32288.0
19.0	-5.0	31437.0
20.0	-5.0	30491.0
21.0	-5.0	29635.0
22.0	-5.0	29195.0
23.0	-5.0	28164.0
24.0	-5.0	27297.0
25.0	-5.0	25542.0
26.0	-5.0	24840.0
27.0	-5.0	22903.0
28.0	-5.0	21055.0
29.0	-5.0	20242.0
30.0	-5.0	19419.0
31.0	-5.0	18297.0
32.0	-5.0	17050.0
33.0	-5.0	15407.0
34.0	-5.0	13721.0
35.0	-5.0	12622.0
36.0	-5.0	11377.0
37.0	-5.0	10427.0
38.0	-5.0	10002.0
39.0	-5.0	8838.0
40.0	-5.0	7949.0
41.0	-5.0	7192.0
42.0	-5.0	6403.0
43.0	-5.0	5671.0
44.0	-5.0	4991.0
45.0	-5.0	4609.0
46.0	-5.0	4285.0
47.0	-5.0	3910.0
48.0	-5.0	3693.0
49.0	-5.0	3325.0
50.0	-5.0	2993.0
51.0	-5.0	2759.0
52.0	-5.0	2668.0
53.0	-5.0	2399.0
54.0	-5.0	2382.0
55.0	-5.0	2259.0
56.0	-5.0	2027.0
57.0	-5.0	2062.0
58.0	-5.0	1866.0
59.0	-5.0	1778.0
60.0	-5.0	1759.0
61.0	-5.0	1694.0
62.0	-5.0	1621.0
63.0	-5.0	1617.0
64.0	-5.0	1584.0
65.0	-5.0	1514.0
66.0	-5.0	1522.0
67.0	-5.0	1468.0
68.0	-5.0	1456.0
68.0	-4.0	1559.0
67.0	-4.0	1498.0
66.0	-4.0	1545.0
65.0	-4.0	1619.0
64.0	-4.0	1585.0
63.0	-4.0	1607.0
62.0	-4.0	1594.0
61.0	-4.0	1713.0
60.0	-4.0	1900.0
59.0	-4.0	1941.0
58.0	-4.0	2073.0
57.0	-4.0	2308.0
56.0	-4.0	2339.0
55.0	-4.0	2493.0
54.0	-4.0	2860.0
53.0	-4.0	2855.0
52.0	-4.0	3180.0
51.0	-4.0	3408.0
50.0	-4.0	3810.0
49.0	-4.0	4264.0
48.0	-4.0	4731.0
47.0	-4.0	5295.0
46.0	-4.0	5794.0
45.0	-4.0	6208.0
44.0	-4.0	6839.0
43.0	-4.0	7590.0
42.0	-4.0	8467.0
41.0	-4.0	9778.0
40.0	-4.0	10728.0
39.0	-4.0	12128.0
38.0	-4.0	12948.0
37.0	-4.0	14220.0
36.0	-4.0	15828.0
35.0	-4.0	17051.0
34.0	-4.0	18694.0
33.0	-4.0	20146.0
32.0	-4.0	22086.0
31.0	-4.0	23920.0
30.0	-4.0	25834.0
29.0	-4.0	27283.0
28.0	-4.0	28984.0
27.0	-4.0	30180.0
26.0	-4.0	32533.0
25.0	-4.0	34335.0
24.0	-4.0	35595.0
23.0	-4.0	36423.0
22.0	-4.0	37666.0
21.0	-4.0	38934.0
20.0	-4.0	39963.0
19.0	-4.0	40001.0
18.0	-4.0	41655.0
17.0	-4.0	42544.0
16.0	-4.0	42865.0
15.0	-4.0	45712.0
14.0	-4.0	49442.0
13.0	-4.0	54776.0
12.0	-4.0	63755.0
11.0	-4.0	71925.0
10.0	-4.0	81433.0
9.0	-4.0	104007.0
8.0	-4.0	101649.0
8.0	-3.0	83329.0
9.0	-3.0	98656.0
10.0	-3.0	124317.0
11.0	-3.0	107739.0
12.0	-3.0	87699.0
13.0	-3.0	76304.0
14.0	-3.0	68249.0
15.0	-3.0	59746.0
16.0	-3.0	55523.0
17.0	-3.0	55959.0
18.0	-3.0	54855.0
19.0	-3.0	51840.0
20.0	-3.0	50750.0
21.0	-3.0	50108.0
22.0	-3.0	48054.0
23.0	-3.0	47738.0
24.0	-3.0	46138.0
25.0	-3.0	44008.0
26.0	-3.0	42497.0
27.0	-3.0	39576.0
28.0	-3.0	37498.0
29.0	-3.0	35048.0
30.0	-3.0	32994.0
31.0	-3.0	31304.0
32.0	-3.0	29299.0
33.0	-3.0	26949.0
34.0	-3.0	25069.0
35.0	-3.0	23511.0
36.0	-3.0	21098.0
37.0	-3.0	18124.0
38.0	-3.0	17122.0
39.0	-3.0	15480.0
40.0	-3.0	14398.0
41.0	-3.0	13149.0
42.0	-3.0	11475.0
43.0	-3.0	10501.0
44.0	-3.0	9545.0
45.0	-3.0	8542.0
46.0	-3.0	7664.0
47.0	-3.0	6739.0
48.0	-3.0	6104.0
49.0	-3.0	5652.0
50.0	-3.0	5009.0
51.0	-3.0	4454.0
52.0	-3.0	4035.0
53.0	-3.0	3582.0
54.0	-3.0	3092.0
55.0	-3.0	2759.0
56.0	-3.0	2567.0
57.0	-3.0	2364.0
58.0	-3.0	2198.0
59.0	-3.0	2118.0
60.0	-3.0	1999.0
61.0	-3.0	1821.0
62.0	-3.0	1622.0
63.0	-3.0	1637.0
64.0	-3.0	1513.0
65.0	-3.0	1507.0
66.0	-3.0	1497.0
67.0	-3.0	1475.0
68.0	-3.0	1481.0
68.0	-2.0	1429.0
67.0	-2.0	1440.0
66.0	-2.0	1618.0
65.0	-2.0	1519.0
64.0	-2.0	1573.0
63.0	-2.0	1642.0
62.0	-2.0	1793.0
61.0	-2.0	1931.0
60.0	-2.0	2139.0
59.0	-2.0	2302.0
58.0	-2.0	2542.0
57.0	-2.0	2783.0
56.0	-2.0	3105.0
55.0	-2.0	3533.0
54.0	-2.0	4153.0
53.0	-2.0	4806.0
52.0	-2.0	5538.0
51.0	-2.0	6118.0
50.0	-2.0	6616.0
49.0	-2.0	7141.0
48.0	-2.0	8040.0
47.0	-2.0	9091.0
46.0	-2.0	10366.0
45.0	-2.0	11313.0
44.0	-2.0	13125.0
43.0	-2.0	14444.0
42.0	-2.0	16402.0
41.0	-2.0	17854.0
40.0	-2.0	19252.0
39.0	-2.0	20954.0
38.0	-2.0	23539.0
37.0	-2.0	25207.0
36.0	-2.0	28219.0
35.0	-2.0	31642.0
34.0	-2.0	34625.0
33.0	-2.0	36992.0
32.0	-2.0	39570.0
31.0	-2.0	41471.0
30.0	-2.0	44025.0
29.0	-2.0	46883.0
28.0	-2.0	49582.0
27.0	-2.0	52797.0
26.0	-2.0	54828.0
25.0	-2.0	57436.0
24.0	-2.0	60172.0
23.0	-2.0	62415.0
22.0	-2.0	65748.0
21.0	-2.0	68563.0
20.0	-2.0	69213.0
19.0	-2.0	68202.0
18.0	-2.0	72865.0
17.0	-2.0	73746.0
16.0	-2.0	72846.0
15.0	-2.0	75517.0
14.0	-2.0	86775.0
13.0	-2.0	93730.0
12.0	-2.0	103065.0
11.0	-2.0	119112.0
10.0	-2.0	108917.0
9.0	-2.0	98080.0
8.0	-2.0	66730.0
8.0	-1.0	45203.0
9.0	-1.0	58678.0
10.0	-1.0	84943.0
11.0	-1.0	90644.0
12.0	-1.0	87171.0
13.0	-1.0	89610.0
14.0	-1.0	88607.0
15.0	-1.0	86374.0
16.0	-1.0	86950.0
17.0	-1.0	96079.0
18.0	-1.0	93907.0
19.0	-1.0	92814.0
20.0	-1.0	95204.0
21.0	-1.0	98555.0
22.0	-1.0	93898.0
23.0	-1.0	86270.0
24.0	-1.0	80907.0
25.0	-1.0	77133.0
26.0	-1.0	74047.0
27.0	-1.0	69566.0
28.0	-1.0	64359.0
29.0	-1.0	60872.0
30.0	-1.0	56940.0
31.0	-1.0	54657.0
32.0	-1.0	50883.0
33.0	-1.0	48178.0
34.0	-1.0	44630.0
35.0	-1.0	41293.0
36.0	-1.0	37860.0
37.0	-1.0	34515.0
38.0	-1.0	31151.0
39.0	-1.0	28238.0
40.0	-1.0	26111.0
41.0	-1.0	24067.0
42.0	-1.0	21207.0
43.0	-1.0	19191.0
44.0	-1.0	17383.0
45.0	-1.0	15650.0
46.0	-1.0	13853.0
47.0	-1.0	12223.0
48.0	-1.0	10527.0
49.0	-1.0	9560.0
50.0	-1.0	8139.0
51.0	-1.0	7410.0
52.0	-1.0	6702.0
53.0	-1.0	5517.0
54.0	-1.0	4861.0
55.0	-1.0	4107.0
56.0	-1.0	3599.0
57.0	-1.0	3209.0
58.0	-1.0	3147.0
59.0	-1.0	2666.0
60.0	-1.0	2354.0
61.0	-1.0	2187.0
62.0	-1.0	2070.0
63.0	-1.0	1881.0
64.0	-1.0	1842.0
65.0	-1.0	1713.0
66.0	-1.0	1681.0
67.0	-1.0	1639.0
68.0	-1.0	1557.0
68.0	0.0	1605.0
67.0	0.0	1635.0
66.0	0.0	1756.0
65.0	0.0	1888.0
64.0	0.0	1929.0
63.0	0.0	2146.0
62.0	0.0	2268.0
61.0	0.0	2273.0
60.0	0.0	2535.0
59.0	0.0	3052.0
58.0	0.0	3353.0
57.0	0.0	3841.0
56.0	0.0	4495.0
55.0	0.0	5014.0
54.0	0.0	5819.0
53.0	0.0	7023.0
52.0	0.0	8629.0
51.0	0.0	9773.0
50.0	0.0	11402.0
49.0	0.0	13248.0
48.0	0.0	14886.0
47.0	0.0	16693.0
46.0	0.0	18470.0
45.0	0.0	21367.0
44.0	0.0	23681.0
43.0	0.0	26017.0
42.0	0.0	28657.0
41.0	0.0	32184.0
40.0	0.0	35051.0
39.0	0.0	39180.0
38.0	0.0	42062.0
37.0	0.0	46592.0
36.0	0.0	50518.0
35.0	0.0	56259.0
34.0	0.0	59580.0
33.0	0.0	62960.0
32.0	0.0	67204.0
31.0	0.0	71983.0
30.0	0.0	77660.0
29.0	0.0	81966.0
28.0	0.0	86009.0
27.0	0.0	91598.0
26.0	0.0	96928.0
25.0	0.0	103549.0
24.0	0.0	110054.0
23.0	0.0	123298.0
22.0	0.0	133441.0
21.0	0.0	139528.0
20.0	0.0	130883.0
19.0	0.0	118636.0
18.0	0.0	111640.0
17.0	0.0	105401.0
16.0	0.0	94085.0
15.0	0.0	83794.0
14.0	0.0	78639.0
13.0	0.0	73238.0
12.0	0.0	64776.0
11.0	0.0	57989.0
10.0	0.0	50316.0
9.0	0.0	41526.0
8.0	0.0	34198.0
8.0	1.0	27862.0
9.0	1.0	32506.0
10.0	1.0	37449.0
11.0	1.0	44045.0
12.0	1.0	51417.0
13.0	1.0	60030.0
14.0	1.0	68116.0
15.0	1.0	78287.0
16.0	1.0	92153.0
17.0	1.0	106887.0
18.0	1.0	121604.0
19.0	1.0	140003.0
20.0	1.0	159073.0
21.0	1.0	171994.0
22.0	1.0	170737.0
23.0	1.0	159329.0
24.0	1.0	146135.0
25.0	1.0	140995.0
26.0	1.0	134981.0
27.0	1.0	128969.0
28.0	1.0	124452.0
29.0	1.0	117657.0
30.0	1.0	109535.0
31.0	1.0	98947.0
32.0	1.0	90952.0
33.0	1.0	83838.0
34.0	1.0	79632.0
35.0	1.0	73284.0
36.0	1.0	67033.0
37.0	1.0	60805.0
38.0	1.0	55829.0
39.0	1.0	51055.0
40.0	1.0	47396.0
41.0	1.0	43749.0
42.0	1.0	39679.0
43.0	1.0	36058.0
44.0	1.0	32185.0
45.0	1.0	28989.0
46.0	1.0	25070.0
47.0	1.0	21663.0
48.0	1.0	19061.0
49.0	1.0	16479.0
50.0	1.0	14708.0
51.0	1.0	12995.0
52.0	1.0	11288.0
53.0	1.0	9640.0
54.0	1.0	7711.0
55.0	1.0	6329.0
56.0	1.0	5169.0
57.0	1.0	4431.0
58.0	1.0	3722.0
59.0	1.0	3277.0
60.0	1.0	3010.0
61.0	1.0	2848.0
62.0	1.0	2425.0
63.0	1.0	2200.0
64.0	1.0	2018.0
65.0	1.0	1832.0
66.0	1.0	1840.0
67.0	1.0	1699.0
68.0	1.0	1611.0
68.0	2.0	1735.0
67.0	2.0	1831.0
66.0	2.0	1882.0
65.0	2.0	2139.0
64.0	2.0	2202.0
63.0	2.0	2492.0
62.0	2.0	2696.0
61.0	2.0	2908.0
60.0	2.0	3215.0
59.0	2.0	4099.0
58.0	2.0	4659.0
57.0	2.0	5655.0
56.0	2.0	6783.0
55.0	2.0	8704.0
54.0	2.0	9953.0
53.0	2.0	11965.0
52.0	2.0	14345.0
51.0	2.0	16539.0
50.0	2.0	19310.0
49.0	2.0	22554.0
48.0	2.0	26340.0
47.0	2.0	30324.0
46.0	2.0	33997.0
45.0	2.0	37994.0
44.0	2.0	42619.0
43.0	2.0	46716.0
42.0	2.0	51812.0
41.0	2.0	57755.0
40.0	2.0	62706.0
39.0	2.0	68962.0
38.0	2.0	74815.0
37.0	2.0	82378.0
36.0	2.0	89374.0
35.0	2.0	95023.0
34.0	2.0	105826.0
33.0	2.0	118401.0
32.0	2.0	126638.0
31.0	2.0	137522.0
30.0	2.0	155391.0
29.0	2.0	165220.0
28.0	2.0	173364.0
27.0	2.0	174283.0
26.0	2.0	169325.0
25.0	2.0	170637.0
24.0	2.0	170097.0
23.0	2.0	181101.0
22.0	2.0	187656.0
21.0	2.0	185944.0
20.0	2.0	172347.0
19.0	2.0	152352.0
18.0	2.0	128254.0
17.0	2.0	107054.0
16.0	2.0	89940.0
15.0	2.0	75132.0
14.0	2.0	62826.0
13.0	2.0	53402.0
12.0	2.0	45444.0
11.0	2.0	38178.0
10.0	2.0	32121.0
9.0	2.0	27055.0
8.0	2.0	23424.0
8.0	3.0	20396.0
9.0	3.0	23819.0
10.0	3.0	28474.0
11.0	3.0	34125.0
12.0	3.0	41396.0
13.0	3.0	49598.0
14.0	3.0	59178.0
15.0	3.0	71121.0
16.0	3.0	85077.0
17.0	3.0	107103.0
18.0	3.0	130134.0
19.0	3.0	156422.0
20.0	3.0	174753.0
21.0	3.0	183706.0
22.0	3.0	186700.0
23.0	3.0	182981.0
24.0	3.0	180003.0
25.0	3.0	183537.0
26.0	3.0	194324.0
27.0	3.0	208850.0
28.0	3.0	218111.0
29.0	3.0	214307.0
30.0	3.0	204297.0
31.0	3.0	194962.0
32.0	3.0	181002.0
33.0	3.0	171840.0
34.0	3.0	145768.0
35.0	3.0	131010.0
36.0	3.0	122998.0
37.0	3.0	111679.0
38.0	3.0	101368.0
39.0	3.0	91063.0
40.0	3.0	82343.0
41.0	3.0	74331.0
42.0	3.0	68238.0
43.0	3.0	61530.0
44.0	3.0	54703.0
45.0	3.0	49605.0
46.0	3.0	43435.0
47.0	3.0	38249.0
48.0	3.0	33857.0
49.0	3.0	29235.0
50.0	3.0	24994.0
51.0	3.0	21326.0
52.0	3.0	17656.0
53.0	3.0	14808.0
54.0	3.0	11925.0
55.0	3.0	9946.0
56.0	3.0	8270.0
57.0	3.0	6783.0
58.0	3.0	5684.0
59.0	3.0	4794.0
60.0	3.0	3931.0
61.0	3.0	3202.0
62.0	3.0	2948.0
63.0	3.0	2653.0
64.0	3.0	2475.0
65.0	3.0	2168.0
66.0	3.0	1995.0
67.0	3.0	1837.0
68.0	3.0	1826.0
68.0	4.0	1921.0
67.0	4.0	1991.0
66.0	4.0	2115.0
65.0	4.0	2358.0
64.0	4.0	2644.0
63.0	4.0	3194.0
62.0	4.0	3561.0
61.0	4.0	3797.0
60.0	4.0	4679.0
59.0	4.0	5653.0
58.0	4.0	6779.0
57.0	4.0	8604.0
56.0	4.0	11154.0
55.0	4.0	13174.0
54.0	4.0	16512.0
53.0	4.0	20188.0
52.0	4.0	24077.0
51.0	4.0	27414.0
50.0	4.0	31161.0
49.0	4.0	36377.0
48.0	4.0	42084.0
47.0	4.0	48914.0
46.0	4.0	56958.0
45.0	4.0	63501.0
44.0	4.0	72247.0
43.0	4.0	80483.0
42.0	4.0	89360.0
41.0	4.0	98824.0
40.0	4.0	108976.0
39.0	4.0	123334.0
38.0	4.0	145099.0
37.0	4.0	161707.0
36.0	4.0	179955.0
35.0	4.0	189220.0
34.0	4.0	197804.0
33.0	4.0	238573.0
32.0	4.0	253775.0
31.0	4.0	239141.0
30.0	4.0	243889.0
29.0	4.0	246837.0
28.0	4.0	244147.0
27.0	4.0	226104.0
26.0	4.0	206808.0
25.0	4.0	193728.0
24.0	4.0	187867.0
23.0	4.0	185784.0
22.0	4.0	184937.0
21.0	4.0	180982.0
20.0	4.0	167107.0
19.0	4.0	146561.0
18.0	4.0	121198.0
17.0	4.0	96741.0
16.0	4.0	77978.0
15.0	4.0	63413.0
14.0	4.0	53200.0
13.0	4.0	44823.0
12.0	4.0	37327.0
11.0	4.0	30105.0
10.0	4.0	25744.0
9.0	4.0	21178.0
8.0	4.0	17539.0
8.0	5.0	15058.0
9.0	5.0	18386.0
10.0	5.0	21997.0
11.0	5.0	26825.0
12.0	5.0	32001.0
13.0	5.0	38581.0
14.0	5.0	46282.0
15.0	5.0	55785.0
16.0	5.0	67047.0
17.0	5.0	82889.0
18.0	5.0	102338.0
19.0	5.0	125302.0
20.0	5.0	150447.0
21.0	5.0	169774.0
22.0	5.0	184591.0
23.0	5.0	192444.0
24.0	5.0	197231.0
25.0	5.0	198149.0
26.0	5.0	208041.0
27.0	5.0	233442.0
28.0	5.0	253160.0
29.0	5.0	258807.0
30.0	5.0	256459.0
31.0	5.0	258377.0
32.0	5.0	268699.0
33.0	5.0	261397.0
34.0	5.0	249270.0
35.0	5.0	249754.0
36.0	5.0	267023.0
37.0	5.0	237799.0
38.0	5.0	211932.0
39.0	5.0	175733.0
40.0	5.0	152508.0
41.0	5.0	137150.0
42.0	5.0	119141.0
43.0	5.0	104260.0
44.0	5.0	92739.0
45.0	5.0	82490.0
46.0	5.0	72695.0
47.0	5.0	63426.0
48.0	5.0	54704.0
49.0	5.0	46768.0
50.0	5.0	39897.0
51.0	5.0	33846.0
52.0	5.0	29501.0
53.0	5.0	24190.0
54.0	5.0	20718.0
55.0	5.0	16832.0
56.0	5.0	13457.0
57.0	5.0	10646.0
58.0	5.0	8329.0
59.0	5.0	6507.0
60.0	5.0	5541.0
61.0	5.0	4569.0
62.0	5.0	3891.0
63.0	5.0	3346.0
64.0	5.0	2919.0
65.0	5.0	2629.0
66.0	5.0	2345.0
67.0	5.0	2278.0
68.0	5.0	1956.0
68.0	6.0	1961.0
67.0	6.0	2247.0
66.0	6.0	2557.0
65.0	6.0	2710.0
64.0	6.0	3159.0
63.0	6.0	3650.0
62.0	6.0	4146.0
61.0	6.0	5260.0
60.0	6.0	6841.0
59.0	6.0	8323.0
58.0	6.0	10162.0
57.0	6.0	12607.0
56.0	6.0	16716.0
55.0	6.0	20281.0
54.0	6.0	25354.0
53.0	6.0	31169.0
52.0	6.0	36836.0
51.0	6.0	42778.0
50.0	6.0	50379.0
49.0	6.0	59374.0
48.0	6.0	71222.0
47.0	6.0	84906.0
46.0	6.0	98552.0
45.0	6.0	112325.0
44.0	6.0	125735.0
43.0	6.0	139409.0
42.0	6.0	160827.0
41.0	6.0	200221.0
40.0	6.0	221692.0
39.0	6.0	246605.0
38.0	6.0	293891.0
37.0	6.0	342924.0
36.0	6.0	324307.0
35.0	6.0	297024.0
34.0	6.0	273759.0
33.0	6.0	266431.0
32.0	6.0	260956.0
31.0	6.0	259049.0
30.0	6.0	258969.0
29.0	6.0	259767.0
28.0	6.0	253684.0
27.0	6.0	234887.0
26.0	6.0	210832.0
25.0	6.0	202063.0
24.0	6.0	195379.0
23.0	6.0	186317.0
22.0	6.0	171544.0
21.0	6.0	148471.0
20.0	6.0	123824.0
19.0	6.0	103602.0
18.0	6.0	83728.0
17.0	6.0	69211.0
16.0	6.0	56947.0
15.0	6.0	47926.0
14.0	6.0	39442.0
13.0	6.0	33558.0
12.0	6.0	27428.0
11.0	6.0	22350.0
10.0	6.0	18560.0
9.0	6.0	15312.0
8.0	6.0	12828.0
8.0	7.0	10088.0
9.0	7.0	12446.0
10.0	7.0	15128.0
11.0	7.0	18140.0
12.0	7.0	22456.0
13.0	7.0	27551.0
14.0	7.0	33694.0
15.0	7.0	39998.0
16.0	7.0	47553.0
17.0	7.0	56258.0
18.0	7.0	67803.0
19.0	7.0	81749.0
20.0	7.0	99282.0
21.0	7.0	120389.0
22.0	7.0	143854.0
23.0	7.0	168087.0
24.0	7.0	184505.0
25.0	7.0	196921.0
26.0	7.0	211469.0
27.0	7.0	232162.0
28.0	7.0	246945.0
29.0	7.0	252010.0
30.0	7.0	256060.0
31.0	7.0	255549.0
32.0	7.0	258259.0
33.0	7.0	261717.0
34.0	7.0	263924.0
35.0	7.0	287477.0
36.0	7.0	323009.0
37.0	7.0	349996.0
38.0	7.0	353625.0
39.0	7.0	319848.0
40.0	7.0	305691.0
41.0	7.0	258425.0
42.0	7.0	205176.0
43.0	7.0	185583.0
44.0	7.0	164137.0
45.0	7.0	151277.0
46.0	7.0	133000.0
47.0	7.0	111805.0
48.0	7.0	93475.0
49.0	7.0	76663.0
50.0	7.0	64533.0
51.0	7.0	54746.0
52.0	7.0	45271.0
53.0	7.0	39118.0
54.0	7.0	32096.0
55.0	7.0	25592.0
56.0	7.0	20682.0
57.0	7.0	16222.0
58.0	7.0	12435.0
59.0	7.0	9526.0
60.0	7.0	7682.0
61.0	7.0	6372.0
62.0	7.0	5070.0
63.0	7.0	4350.0
64.0	7.0	3675.0
65.0	7.0	3186.0
66.0	7.0	2697.0
67.0	7.0	2441.0
68.0	7.0	2054.0
68.0	8.0	2246.0
67.0	8.0	2478.0
66.0	8.0	2883.0
65.0	8.0	3472.0
64.0	8.0	3954.0
63.0	8.0	4762.0
62.0	8.0	6238.0
61.0	8.0	8044.0
60.0	8.0	10000.0
59.0	8.0	12870.0
58.0	8.0	16298.0
57.0	8.0	20254.0
56.0	8.0	25241.0
55.0	8.0	32417.0
54.0	8.0	40093.0
53.0	8.0	49089.0
52.0	8.0	59328.0
51.0	8.0	73432.0
50.0	8.0	90516.0
49.0	8.0	101869.0
48.0	8.0	121022.0
47.0	8.0	144914.0
46.0	8.0	170574.0
45.0	8.0	188648.0
44.0	8.0	202398.0
43.0	8.0	215802.0
42.0	8.0	246761.0
41.0	8.0	274792.0
40.0	8.0	299996.0
39.0	8.0	334301.0
38.0	8.0	374846.0
37.0	8.0	315725.0
36.0	8.0	278906.0
35.0	8.0	262372.0
34.0	8.0	260533.0
33.0	8.0	257137.0
32.0	8.0	253839.0
31.0	8.0	249235.0
30.0	8.0	247235.0
29.0	8.0	242499.0
28.0	8.0	236656.0
27.0	8.0	218967.0
26.0	8.0	203381.0
25.0	8.0	183189.0
24.0	8.0	163666.0
23.0	8.0	136617.0
22.0	8.0	112661.0
21.0	8.0	93042.0
20.0	8.0	78713.0
19.0	8.0	66233.0
18.0	8.0	54864.0
17.0	8.0	46169.0
16.0	8.0	39272.0
15.0	8.0	32983.0
14.0	8.0	28232.0
13.0	8.0	23195.0
12.0	8.0	18433.0
11.0	8.0	15102.0
10.0	8.0	12021.0
9.0	8.0	9623.0
8.0	8.0	7910.0
8.0	9.0	6414.0
9.0	9.0	7832.0
10.0	9.0	9913.0
11.0	9.0	12431.0
12.0	9.0	14795.0
13.0	9.0	18113.0
14.0	9.0	22532.0
15.0	9.0	26588.0
16.0	9.0	32312.0
17.0	9.0	38087.0
18.0	9.0	45391.0
19.0	9.0	53816.0
20.0	9.0	62817.0
21.0	9.0	73483.0
22.0	9.0	88402.0
23.0	9.0	106388.0
24.0	9.0	127996.0
25.0	9.0	154257.0
26.0	9.0	177802.0
27.0	9.0	197681.0
28.0	9.0	216911.0
29.0	9.0	224821.0
30.0	9.0	233021.0
31.0	9.0	238731.0
32.0	9.0	251898.0
33.0	9.0	255416.0
34.0	9.0	255835.0
35.0	9.0	255385.0
36.0	9.0	259945.0
37.0	9.0	288172.0
38.0	9.0	308561.0
39.0	9.0	324271.0
40.0	9.0	298516.0
41.0	9.0	287108.0
42.0	9.0	284387.0
43.0	9.0	248755.0
44.0	9.0	216567.0
45.0	9.0	212362.0
46.0	9.0	198947.0
47.0	9.0	171877.0
48.0	9.0	152025.0
49.0	9.0	147830.0
50.0	9.0	137008.0
51.0	9.0	103962.0
52.0	9.0	79698.0
53.0	9.0	63167.0
54.0	9.0	51596.0
55.0	9.0	41018.0
56.0	9.0	33399.0
57.0	9.0	26829.0
58.0	9.0	21394.0
59.0	9.0	17150.0
60.0	9.0	12747.0
61.0	9.0	9771.0
62.0	9.0	7344.0
63.0	9.0	5483.0
64.0	9.0	4471.0
65.0	9.0	4032.0
66.0	9.0	3259.0
67.0	9.0	3241.0
68.0	9.0	2221.0
68.0	10.0	2229.0
67.0	10.0	2713.0
66.0	10.0	3210.0
65.0	10.0	4040.0
64.0	10.0	5062.0
63.0	10.0	6698.0
62.0	10.0	8837.0
61.0	10.0	12111.0
60.0	10.0	16002.0
59.0	10.0	23643.0
58.0	10.0	31055.0
57.0	10.0	39264.0
56.0	10.0	45903.0
55.0	10.0	53565.0
54.0	10.0	65278.0
53.0	10.0	80516.0
52.0	10.0	104830.0
51.0	10.0	139540.0
50.0	10.0	192922.0
49.0	10.0	222926.0
48.0	10.0	211080.0
47.0	10.0	207793.0
46.0	10.0	218910.0
45.0	10.0	222813.0
44.0	10.0	231355.0
43.0	10.0	258781.0
42.0	10.0	290505.0
41.0	10.0	274156.0
40.0	10.0	282428.0
39.0	10.0	285718.0
38.0	10.0	272705.0
37.0	10.0	262148.0
36.0	10.0	252900.0
35.0	10.0	253793.0
34.0	10.0	250653.0
33.0	10.0	247275.0
32.0	10.0	239563.0
31.0	10.0	227383.0
30.0	10.0	213820.0
29.0	10.0	202535.0
28.0	10.0	186989.0
27.0	10.0	166560.0
26.0	10.0	141117.0
25.0	10.0	118430.0
24.0	10.0	97847.0
23.0	10.0	82312.0
22.0	10.0	68607.0
21.0	10.0	58770.0
20.0	10.0	50809.0
19.0	10.0	43568.0
18.0	10.0	36750.0
17.0	10.0	31452.0
16.0	10.0	26107.0
15.0	10.0	21898.0
14.0	10.0	17656.0
13.0	10.0	14464.0
12.0	10.0	11689.0
11.0	10.0	9352.0
10.0	10.0	7652.0
9.0	10.0	6288.0
8.0	10.0	5172.0
8.0	11.0	4339.0
9.0	11.0	4923.0
10.0	11.0	5868.0
11.0	11.0	7207.0
12.0	11.0	9036.0
13.0	11.0	11135.0
14.0	11.0	13798.0
15.0	11.0	16790.0
16.0	11.0	20675.0
17.0	11.0	24460.0
18.0	11.0	29357.0
19.0	11.0	35072.0
20.0	11.0	40641.0
21.0	11.0	47254.0
22.0	11.0	55384.0
23.0	11.0	65498.0
24.0	11.0	77375.0
25.0	11.0	90317.0
26.0	11.0	104934.0
27.0	11.0	126572.0
28.0	11.0	150449.0
29.0	11.0	169507.0
30.0	11.0	187868.0
31.0	11.0	218563.0
32.0	11.0	232846.0
33.0	11.0	227840.0
34.0	11.0	232012.0
35.0	11.0	238074.0
36.0	11.0	242251.0
37.0	11.0	242469.0
38.0	11.0	244756.0
39.0	11.0	252695.0
40.0	11.0	265992.0
41.0	11.0	278084.0
42.0	11.0	276742.0
43.0	11.0	257731.0
44.0	11.0	233938.0
45.0	11.0	220408.0
46.0	11.0	238210.0
47.0	11.0	220568.0
48.0	11.0	216559.0
49.0	11.0	244746.0
50.0	11.0	219127.0
51.0	11.0	159042.0
52.0	11.0	120728.0
53.0	11.0	97061.0
54.0	11.0	83973.0
55.0	11.0	73139.0
56.0	11.0	66745.0
57.0	11.0	57244.0
58.0	11.0	45740.0
59.0	11.0	32503.0
60.0	11.0	22529.0
61.0	11.0	15460.0
62.0	11.0	11729.0
63.0	11.0	8909.0
64.0	11.0	5738.0
65.0	11.0	4104.0
66.0	11.0	3208.0
67.0	11.0	2827.0
68.0	11.0	2247.0
68.0	12.0	2271.0
67.0	12.0	2764.0
66.0	12.0	3097.0
65.0	12.0	4021.0
64.0	12.0	6686.0
63.0	12.0	12166.0
62.0	12.0	18327.0
61.0	12.0	20908.0
60.0	12.0	30298.0
59.0	12.0	42576.0
58.0	12.0	59231.0
57.0	12.0	69527.0
56.0	12.0	82259.0
55.0	12.0	91944.0
54.0	12.0	103074.0
53.0	12.0	116706.0
52.0	12.0	136078.0
51.0	12.0	170764.0
50.0	12.0	206251.0
49.0	12.0	218676.0
48.0	12.0	209623.0
47.0	12.0	208998.0
46.0	12.0	221685.0
45.0	12.0	225098.0
44.0	12.0	236583.0
43.0	12.0	251413.0
42.0	12.0	269112.0
41.0	12.0	259713.0
40.0	12.0	246649.0
39.0	12.0	235677.0
38.0	12.0	229174.0
37.0	12.0	226083.0
36.0	12.0	223940.0
35.0	12.0	217203.0
34.0	12.0	209514.0
33.0	12.0	207884.0
32.0	12.0	217034.0
31.0	12.0	191792.0
30.0	12.0	161954.0
29.0	12.0	130040.0
28.0	12.0	111429.0
27.0	12.0	94995.0
26.0	12.0	80936.0
25.0	12.0	68815.0
24.0	12.0	59864.0
23.0	12.0	51501.0
22.0	12.0	44336.0
21.0	12.0	37637.0
20.0	12.0	31413.0
19.0	12.0	26233.0
18.0	12.0	22130.0
17.0	12.0	19216.0
16.0	12.0	15417.0
15.0	12.0	13343.0
14.0	12.0	10501.0
13.0	12.0	8617.0
12.0	12.0	6957.0
11.0	12.0	5801.0
10.0	12.0	4840.0
9.0	12.0	4110.0
8.0	12.0	3495.0
8.0	13.0	2930.0
9.0	13.0	3399.0
10.0	13.0	3890.0
11.0	13.0	4782.0
12.0	13.0	5662.0
13.0	13.0	6674.0
14.0	13.0	7999.0
15.0	13.0	9524.0
16.0	13.0	11746.0
17.0	13.0	14650.0
18.0	13.0	17691.0
19.0	13.0	21130.0
20.0	13.0	25175.0
21.0	13.0	29563.0
22.0	13.0	34542.0
23.0	13.0	40442.0
24.0	13.0	47003.0
25.0	13.0	53993.0
26.0	13.0	62243.0
27.0	13.0	71140.0
28.0	13.0	83405.0
29.0	13.0	99574.0
30.0	13.0	116949.0
31.0	13.0	144276.0
32.0	13.0	179650.0
33.0	13.0	178888.0
34.0	13.0	182012.0
35.0	13.0	190841.0
36.0	13.0	198579.0
37.0	13.0	207379.0
38.0	13.0	208991.0
39.0	13.0	211786.0
40.0	13.0	218011.0
41.0	13.0	235831.0
42.0	13.0	239921.0
43.0	13.0	242681.0
44.0	13.0	245086.0
45.0	13.0	244971.0
46.0	13.0	226001.0
47.0	13.0	207261.0
48.0	13.0	199985.0
49.0	13.0	198823.0
50.0	13.0	190956.0
51.0	13.0	168383.0
52.0	13.0	141524.0
53.0	13.0	126910.0
54.0	13.0	115196.0
55.0	13.0	98180.0
56.0	13.0	76774.0
57.0	13.0	60247.0
58.0	13.0	50889.0
59.0	13.0	40646.0
60.0	13.0	29254.0
61.0	13.0	26417.0
62.0	13.0	22906.0
63.0	13.0	14223.0
64.0	13.0	6445.0
65.0	13.0	3984.0
66.0	13.0	3151.0
67.0	13.0	2675.0
68.0	13.0	2211.0
68.0	14.0	2038.0
67.0	14.0	2326.0
66.0	14.0	2976.0
65.0	14.0	3549.0
64.0	14.0	5397.0
63.0	14.0	10510.0
62.0	14.0	15998.0
61.0	14.0	17292.0
60.0	14.0	19143.0
59.0	14.0	27544.0
58.0	14.0	33018.0
57.0	14.0	41549.0
56.0	14.0	61086.0
55.0	14.0	90336.0
54.0	14.0	111959.0
53.0	14.0	121610.0
52.0	14.0	136967.0
51.0	14.0	157609.0
50.0	14.0	174810.0
49.0	14.0	183979.0
48.0	14.0	195165.0
47.0	14.0	213322.0
46.0	14.0	242495.0
45.0	14.0	239137.0
44.0	14.0	235081.0
43.0	14.0	219737.0
42.0	14.0	205030.0
41.0	14.0	191110.0
40.0	14.0	186474.0
39.0	14.0	185261.0
38.0	14.0	189107.0
37.0	14.0	183907.0
36.0	14.0	172956.0
35.0	14.0	168193.0
34.0	14.0	155103.0
33.0	14.0	158311.0
32.0	14.0	132069.0
31.0	14.0	103968.0
30.0	14.0	85428.0
29.0	14.0	72546.0
28.0	14.0	63355.0
27.0	14.0	55350.0
26.0	14.0	48986.0
25.0	14.0	42618.0
24.0	14.0	36803.0
23.0	14.0	31766.0
22.0	14.0	27023.0
21.0	14.0	23160.0
20.0	14.0	19366.0
19.0	14.0	16665.0
18.0	14.0	13562.0
17.0	14.0	11361.0
16.0	14.0	8985.0
15.0	14.0	7355.0
14.0	14.0	6270.0
13.0	14.0	5349.0
12.0	14.0	4529.0
11.0	14.0	3831.0
10.0	14.0	3355.0
9.0	14.0	2880.0
8.0	14.0	2621.0
8.0	15.0	2427.0
9.0	15.0	2607.0
10.0	15.0	2798.0
11.0	15.0	3118.0
12.0	15.0	3631.0
13.0	15.0	4212.0
14.0	15.0	4798.0
15.0	15.0	5899.0
16.0	15.0	6937.0
17.0	15.0	8273.0
18.0	15.0	9933.0
19.0	15.0	12160.0
20.0	15.0	14756.0
21.0	15.0	17132.0
22.0	15.0	20571.0
23.0	15.0	24038.0
24.0	15.0	28293.0
25.0	15.0	32955.0
26.0	15.0	37199.0
27.0	15.0	42358.0
28.0	15.0	48772.0
29.0	15.0	56215.0
30.0	15.0	62525.0
31.0	15.0	74692.0
32.0	15.0	92671.0
33.0	15.0	111627.0
34.0	15.0	151604.0
35.0	15.0	141896.0
36.0	15.0	146914.0
37.0	15.0	157672.0
38.0	15.0	163212.0
39.0	15.0	162259.0
40.0	15.0	151199.0
41.0	15.0	148495.0
42.0	15.0	159885.0
43.0	15.0	179610.0
44.0	15.0	202000.0
45.0	15.0	215678.0
46.0	15.0	221982.0
47.0	15.0	196159.0
48.0	15.0	179543.0
49.0	15.0	164130.0
50.0	15.0	155038.0
51.0	15.0	143086.0
52.0	15.0	127904.0
53.0	15.0	108952.0
54.0	15.0	102751.0
55.0	15.0	76298.0
56.0	15.0	44623.0
57.0	15.0	25722.0
58.0	15.0	19035.0
59.0	15.0	14106.0
60.0	15.0	11405.0
61.0	15.0	9233.0
62.0	15.0	8410.0
63.0	15.0	5918.0
64.0	15.0	3676.0
65.0	15.0	2915.0
66.0	15.0	2583.0
67.0	15.0	2210.0
68.0	15.0	1892.0
68.0	16.0	1789.0
67.0	16.0	1993.0
66.0	16.0	2390.0
65.0	16.0	2474.0
64.0	16.0	2915.0
63.0	16.0	3584.0
62.0	16.0	4344.0
61.0	16.0	4778.0
60.0	16.0	6848.0
59.0	16.0	9540.0
58.0	16.0	12349.0
57.0	16.0	17139.0
56.0	16.0	29592.0
55.0	16.0	58039.0
54.0	16.0	94649.0
53.0	16.0	111836.0
52.0	16.0	111245.0
51.0	16.0	119872.0
50.0	16.0	131629.0
49.0	16.0	142871.0
48.0	16.0	159135.0
47.0	16.0	177846.0
46.0	16.0	172807.0
45.0	16.0	168776.0
44.0	16.0	156236.0
43.0	16.0	136722.0
42.0	16.0	125724.0
41.0	16.0	118273.0
40.0	16.0	122650.0
39.0	16.0	137734.0
38.0	16.0	139448.0
37.0	16.0	135827.0
36.0	16.0	117034.0
35.0	16.0	110513.0
34.0	16.0	101193.0
33.0	16.0	80741.0
32.0	16.0	62533.0
31.0	16.0	52384.0
30.0	16.0	46338.0
29.0	16.0	41672.0
28.0	16.0	37150.0
27.0	16.0	33264.0
26.0	16.0	28593.0
25.0	16.0	25256.0
24.0	16.0	21481.0
23.0	16.0	17776.0
22.0	16.0	15028.0
21.0	16.0	12712.0
20.0	16.0	10518.0
19.0	16.0	8847.0
18.0	16.0	7314.0
17.0	16.0	6168.0
16.0	16.0	5150.0
15.0	16.0	4444.0
14.0	16.0	3840.0
13.0	16.0	3238.0
12.0	16.0	2829.0
11.0	16.0	2615.0
10.0	16.0	2353.0
9.0	16.0	2210.0
8.0	16.0	2192.0
8.0	17.0	2030.0
9.0	17.0	2150.0
10.0	17.0	2286.0
11.0	17.0	2369.0
12.0	17.0	2512.0
13.0	17.0	2728.0
14.0	17.0	3174.0
15.0	17.0	3605.0
16.0	17.0	4039.0
17.0	17.0	4768.0
18.0	17.0	5599.0
19.0	17.0	6481.0
20.0	17.0	7778.0
21.0	17.0	9400.0
22.0	17.0	11213.0
23.0	17.0	13510.0
24.0	17.0	15948.0
25.0	17.0	19062.0
26.0	17.0	22136.0
27.0	17.0	24988.0
28.0	17.0	28191.0
29.0	17.0	31595.0
30.0	17.0	34890.0
31.0	17.0	38265.0
32.0	17.0	44553.0
33.0	17.0	54046.0
34.0	17.0	63826.0
35.0	17.0	75613.0
36.0	17.0	103304.0
37.0	17.0	114889.0
38.0	17.0	124929.0
39.0	17.0	113394.0
40.0	17.0	98811.0
41.0	17.0	95023.0
42.0	17.0	96180.0
43.0	17.0	106277.0
44.0	17.0	115422.0
45.0	17.0	122838.0
46.0	17.0	126066.0
47.0	17.0	119325.0
48.0	17.0	117813.0
49.0	17.0	109513.0
50.0	17.0	107608.0
51.0	17.0	105076.0
52.0	17.0	96966.0
53.0	17.0	84229.0
54.0	17.0	63467.0
55.0	17.0	36015.0
56.0	17.0	19345.0
57.0	17.0	12340.0
58.0	17.0	9046.0
59.0	17.0	6426.0
60.0	17.0	4895.0
61.0	17.0	3862.0
62.0	17.0	3036.0
63.0	17.0	2619.0
64.0	17.0	2296.0
65.0	17.0	2223.0
66.0	17.0	1985.0
67.0	17.0	1857.0
68.0	17.0	1696.0
68.0	18.0	1567.0
67.0	18.0	1622.0
66.0	18.0	1786.0
65.0	18.0	1981.0
64.0	18.0	2155.0
63.0	18.0	2295.0
62.0	18.0	2662.0
61.0	18.0	3100.0
60.0	18.0	3720.0
59.0	18.0	4991.0
58.0	18.0	6874.0
57.0	18.0	9572.0
56.0	18.0	12729.0
55.0	18.0	20568.0
54.0	18.0	39304.0
53.0	18.0	68266.0
52.0	18.0	86046.0
51.0	18.0	91382.0
50.0	18.0	81747.0
49.0	18.0	77358.0
48.0	18.0	79928.0
47.0	18.0	80539.0
46.0	18.0	87416.0
45.0	18.0	90674.0
44.0	18.0	92865.0
43.0	18.0	83912.0
42.0	18.0	80906.0
41.0	18.0	73407.0
40.0	18.0	78935.0
39.0	18.0	90716.0
38.0	18.0	107238.0
37.0	18.0	97668.0
36.0	18.0	74563.0
35.0	18.0	53125.0
34.0	18.0	44044.0
33.0	18.0	38230.0
32.0	18.0	33612.0
31.0	18.0	29268.0
30.0	18.0	26765.0
29.0	18.0	23945.0
28.0	18.0	20835.0
27.0	18.0	18963.0
26.0	18.0	16297.0
25.0	18.0	14068.0
24.0	18.0	12034.0
23.0	18.0	9941.0
22.0	18.0	8279.0
21.0	18.0	6909.0
20.0	18.0	5576.0
19.0	18.0	4964.0
18.0	18.0	4150.0
17.0	18.0	3660.0
16.0	18.0	3282.0
15.0	18.0	2916.0
14.0	18.0	2658.0
13.0	18.0	2449.0
12.0	18.0	2332.0
11.0	18.0	2182.0
10.0	18.0	2235.0
9.0	18.0	2089.0
8.0	18.0	2024.0
8.0	19.0	2266.0
9.0	19.0	2236.0
10.0	19.0	2215.0
11.0	19.0	2200.0
12.0	19.0	2258.0
13.0	19.0	2268.0
14.0	19.0	2432.0
15.0	19.0	2615.0
16.0	19.0	2771.0
17.0	19.0	3153.0
18.0	19.0	3291.0
19.0	19.0	3732.0
20.0	19.0	4258.0
21.0	19.0	5040.0
22.0	19.0	6112.0
23.0	19.0	7068.0
24.0	19.0	8760.0
25.0	19.0	10078.0
26.0	19.0	11581.0
27.0	19.0	13524.0
28.0	19.0	15429.0
29.0	19.0	17406.0
30.0	19.0	19108.0
31.0	19.0	21628.0
32.0	19.0	24106.0
33.0	19.0	27037.0
34.0	19.0	30516.0
35.0	19.0	36108.0
36.0	19.0	39806.0
37.0	19.0	55922.0
38.0	19.0	65206.0
39.0	19.0	63019.0
40.0	19.0	60238.0
41.0	19.0	62867.0
42.0	19.0	65998.0
43.0	19.0	83379.0
44.0	19.0	82209.0
45.0	19.0	72016.0
46.0	19.0	63256.0
47.0	19.0	60313.0
48.0	19.0	56011.0
49.0	19.0	53596.0
50.0	19.0	57376.0
51.0	19.0	67898.0
52.0	19.0	76357.0
53.0	19.0	54200.0
54.0	19.0	25349.0
55.0	19.0	13288.0
56.0	19.0	9252.0
57.0	19.0	7093.0
58.0	19.0	5449.0
59.0	19.0	4040.0
60.0	19.0	3101.0
61.0	19.0	2601.0
62.0	19.0	2274.0
63.0	19.0	2175.0
64.0	19.0	1914.0
65.0	19.0	1794.0
66.0	19.0	1733.0
67.0	19.0	1596.0
68.0	19.0	1550.0
68.0	20.0	1454.0
67.0	20.0	1550.0
66.0	20.0	1557.0
65.0	20.0	1688.0
64.0	20.0	1754.0
63.0	20.0	1933.0
62.0	20.0	2198.0
61.0	20.0	2341.0
60.0	20.0	2589.0
59.0	20.0	3224.0
58.0	20.0	4038.0
57.0	20.0	5208.0
56.0	20.0	7057.0
55.0	20.0	9090.0
54.0	20.0	13902.0
53.0	20.0	27691.0
52.0	20.0	41917.0
51.0	20.0	45003.0
50.0	20.0	41959.0
49.0	20.0	37634.0
48.0	20.0	38969.0
47.0	20.0	43096.0
46.0	20.0	47283.0
45.0	20.0	48062.0
44.0	20.0	57706.0
43.0	20.0	67034.0
42.0	20.0	57625.0
41.0	20.0	44987.0
40.0	20.0	40582.0
39.0	20.0	38549.0
38.0	20.0	36416.0
37.0	20.0	32567.0
36.0	20.0	27956.0
35.0	20.0	24256.0
34.0	20.0	22103.0
33.0	20.0	19941.0
32.0	20.0	18066.0
31.0	20.0	16513.0
30.0	20.0	14477.0
29.0	20.0	12847.0
28.0	20.0	11348.0
27.0	20.0	9762.0
26.0	20.0	8661.0
25.0	20.0	7288.0
24.0	20.0	6009.0
23.0	20.0	5229.0
22.0	20.0	4570.0
21.0	20.0	3956.0
20.0	20.0	3420.0
19.0	20.0	3197.0
18.0	20.0	2867.0
17.0	20.0	2804.0
16.0	20.0	2658.0
15.0	20.0	2597.0
14.0	20.0	2587.0
13.0	20.0	2650.0
12.0	20.0	2571.0
11.0	20.0	2452.0
10.0	20.0	2412.0
9.0	20.0	2418.0
8.0	20.0	2251.0
8.0	21.0	2218.0
9.0	21.0	2250.0
10.0	21.0	2330.0
11.0	21.0	2389.0
12.0	21.0	2351.0
13.0	21.0	2452.0
14.0	21.0	2550.0
15.0	21.0	2608.0
16.0	21.0	2549.0
17.0	21.0	2585.0
18.0	21.0	2631.0
19.0	21.0	2670.0
20.0	21.0	2958.0
21.0	21.0	3069.0
22.0	21.0	3564.0
23.0	21.0	4113.0
24.0	21.0	4580.0
25.0	21.0	5296.0
26.0	21.0	6272.0
27.0	21.0	7437.0
28.0	21.0	8164.0
29.0	21.0	9329.0
30.0	21.0	10327.0
31.0	21.0	11986.0
32.0	21.0	13126.0
33.0	21.0	14629.0
34.0	21.0	16273.0
35.0	21.0	17864.0
36.0	21.0	19488.0
37.0	21.0	20904.0
38.0	21.0	23259.0
39.0	21.0	24848.0
40.0	21.0	27179.0
41.0	21.0	30617.0
42.0	21.0	36321.0
43.0	21.0	40316.0
44.0	21.0	35192.0
45.0	21.0	30849.0
46.0	21.0	29650.0
47.0	21.0	28315.0
48.0	21.0	25309.0
49.0	21.0	25438.0
50.0	21.0	25766.0
51.0	21.0	24884.0
52.0	21.0	19591.0
53.0	21.0	13137.0
54.0	21.0	8198.0
55.0	21.0	6357.0
56.0	21.0	5322.0
57.0	21.0	3929.0
58.0	21.0	3145.0
59.0	21.0	2515.0
60.0	21.0	2139.0
61.0	21.0	2088.0
62.0	21.0	1872.0
63.0	21.0	1669.0
64.0	21.0	1625.0
65.0	21.0	1516.0
66.0	21.0	1454.0
67.0	21.0	1394.0
68.0	21.0	1407.0
68.0	22.0	1318.0
67.0	22.0	1402.0
66.0	22.0	1412.0
65.0	22.0	1433.0
64.0	22.0	1545.0
63.0	22.0	1649.0
62.0	22.0	1743.0
61.0	22.0	1834.0
60.0	22.0	1922.0
59.0	22.0	2226.0
58.0	22.0	2608.0
57.0	22.0	3101.0
56.0	22.0	3904.0
55.0	22.0	4899.0
54.0	22.0	5579.0
53.0	22.0	6715.0
52.0	22.0	9478.0
51.0	22.0	12806.0
50.0	22.0	14959.0
49.0	22.0	15192.0
48.0	22.0	15996.0
47.0	22.0	17427.0
46.0	22.0	19124.0
45.0	22.0	19832.0
44.0	22.0	20701.0
43.0	22.0	21923.0
42.0	22.0	21989.0
41.0	22.0	19830.0
40.0	22.0	18483.0
39.0	22.0	16961.0
38.0	22.0	16592.0
37.0	22.0	15515.0
36.0	22.0	14030.0
35.0	22.0	12927.0
34.0	22.0	11765.0
33.0	22.0	10867.0
32.0	22.0	9729.0
31.0	22.0	8762.0
30.0	22.0	7936.0
29.0	22.0	6807.0
28.0	22.0	6052.0
27.0	22.0	5474.0
26.0	22.0	4811.0
25.0	22.0	4137.0
24.0	22.0	3661.0
23.0	22.0	3029.0
22.0	22.0	2866.0
21.0	22.0	2729.0
20.0	22.0	2445.0
19.0	22.0	2313.0
18.0	22.0	2236.0
17.0	22.0	2246.0
16.0	22.0	2206.0
15.0	22.0	2254.0
14.0	22.0	2246.0
13.0	22.0	2261.0
12.0	22.0	2227.0
11.0	22.0	2200.0
10.0	22.0	2217.0
9.0	22.0	2103.0
8.0	22.0	2105.0
8.0	23.0	1878.0
9.0	23.0	2053.0
10.0	23.0	1995.0
11.0	23.0	2043.0
12.0	23.0	2093.0
13.0	23.0	2122.0
14.0	23.0	2174.0
15.0	23.0	1978.0
16.0	23.0	2035.0
17.0	23.0	2007.0
18.0	23.0	1962.0
19.0	23.0	1921.0
20.0	23.0	2119.0
21.0	23.0	2258.0
22.0	23.0	2437.0
23.0	23.0	2659.0
24.0	23.0	2861.0
25.0	23.0	3156.0
26.0	23.0	3569.0
27.0	23.0	4023.0
28.0	23.0	4709.0
29.0	23.0	5147.0
30.0	23.0	6007.0
31.0	23.0	6690.0
32.0	23.0	7237.0
33.0	23.0	7744.0
34.0	23.0	8398.0
35.0	23.0	9330.0
36.0	23.0	10262.0
37.0	23.0	10957.0
38.0	23.0	11490.0
39.0	23.0	12196.0
40.0	23.0	12734.0
41.0	23.0	13329.0
42.0	23.0	13747.0
43.0	23.0	14196.0
44.0	23.0	14530.0
45.0	23.0	13519.0
46.0	23.0	13652.0
47.0	23.0	12668.0
48.0	23.0	10805.0
49.0	23.0	9493.0
50.0	23.0	8575.0
51.0	23.0	7310.0
52.0	23.0	5652.0
53.0	23.0	4697.0
54.0	23.0	4196.0
55.0	23.0	3690.0
56.0	23.0	2912.0
57.0	23.0	2430.0
58.0	23.0	2138.0
59.0	23.0	1974.0
60.0	23.0	1876.0
61.0	23.0	1669.0
62.0	23.0	1715.0
63.0	23.0	1531.0
64.0	23.0	1440.0
65.0	23.0	1541.0
66.0	23.0	1533.0
67.0	23.0	1438.0
68.0	23.0	1418.0
68.0	24.0	1359.0
67.0	24.0	1422.0
66.0	24.0	1433.0
65.0	24.0	1458.0
64.0	24.0	1543.0
63.0	24.0	1492.0
62.0	24.0	1491.0
61.0	24.0	1650.0
60.0	24.0	1713.0
59.0	24.0	1766.0
58.0	24.0	1964.0
57.0	24.0	2067.0
56.0	24.0	2491.0
55.0	24.0	2866.0
54.0	24.0	3394.0
53.0	24.0	3500.0
52.0	24.0	4160.0
51.0	24.0	4743.0
50.0	24.0	5664.0
49.0	24.0	6693.0
48.0	24.0	7432.0
47.0	24.0	9076.0
46.0	24.0	11001.0
45.0	24.0	9774.0
44.0	24.0	9783.0
43.0	24.0	9500.0
42.0	24.0	9363.0
41.0	24.0	8962.0
40.0	24.0	8635.0
39.0	24.0	8657.0
38.0	24.0	8003.0
37.0	24.0	7791.0
36.0	24.0	7210.0
35.0	24.0	6949.0
34.0	24.0	6462.0
33.0	24.0	5847.0
32.0	24.0	5422.0
31.0	24.0	4897.0
30.0	24.0	4659.0
29.0	24.0	4218.0
28.0	24.0	3752.0
27.0	24.0	3226.0
26.0	24.0	3067.0
25.0	24.0	2727.0
24.0	24.0	2378.0
23.0	24.0	2341.0
22.0	24.0	2139.0
21.0	24.0	2105.0
20.0	24.0	1928.0
19.0	24.0	1885.0
18.0	24.0	1821.0
17.0	24.0	1907.0
16.0	24.0	1920.0
15.0	24.0	1945.0
14.0	24.0	2073.0
13.0	24.0	2094.0
12.0	24.0	2046.0
11.0	24.0	2078.0
10.0	24.0	1992.0
9.0	24.0	1965.0
8.0	24.0	2062.0
8.0	25.0	1902.0
9.0	25.0	1995.0
10.0	25.0	1870.0
11.0	25.0	1878.0
12.0	25.0	1992.0
13.0	25.0	1872.0
14.0	25.0	1931.0
15.0	25.0	1922.0
16.0	25.0	1901.0
17.0	25.0	1824.0
18.0	25.0	1680.0
19.0	25.0	1767.0
20.0	25.0	1796.0
21.0	25.0	1921.0
22.0	25.0	2037.0
23.0	25.0	2055.0
24.0	25.0	2139.0
25.0	25.0	2264.0
26.0	25.0	2497.0
27.0	25.0	2668.0
28.0	25.0	2929.0
29.0	25.0	3315.0
30.0	25.0	3647.0
31.0	25.0	3839.0
32.0	25.0	4057.0
33.0	25.0	4151.0
34.0	25.0	4679.0
35.0	25.0	5242.0
36.0	25.0	5361.0
37.0	25.0	5671.0
38.0	25.0	6008.0
39.0	25.0	6334.0
40.0	25.0	6546.0
41.0	25.0	6508.0
42.0	25.0	6684.0
43.0	25.0	6488.0
44.0	25.0	6724.0
45.0	25.0	7186.0
46.0	25.0	7233.0
47.0	25.0	6542.0
48.0	25.0	5313.0
49.0	25.0	4697.0
50.0	25.0	4127.0
51.0	25.0	3718.0
52.0	25.0	3116.0
53.0	25.0	2990.0
54.0	25.0	2758.0
55.0	25.0	2365.0
56.0	25.0	2127.0
57.0	25.0	1912.0
58.0	25.0	1718.0
59.0	25.0	1675.0
60.0	25.0	1566.0
61.0	25.0	1432.0
62.0	25.0	1430.0
63.0	25.0	1476.0
64.0	25.0	1524.0
65.0	25.0	1417.0
66.0	25.0	1391.0
67.0	25.0	1396.0
68.0	25.0	1325.0
68.0	26.0	1337.0
67.0	26.0	1375.0
66.0	26.0	1374.0
65.0	26.0	1431.0
64.0	26.0	1406.0
63.0	26.0	1404.0
62.0	26.0	1444.0
61.0	26.0	1536.0
60.0	26.0	1504.0
59.0	26.0	1613.0
58.0	26.0	1643.0
57.0	26.0	1728.0
56.0	26.0	1956.0
55.0	26.0	1975.0
54.0	26.0	2358.0
53.0	26.0	2492.0
52.0	26.0	2768.0
51.0	26.0	3133.0
50.0	26.0	3533.0
49.0	26.0	3891.0
48.0	26.0	4201.0
47.0	26.0	4697.0
46.0	26.0	4828.0
45.0	26.0	5052.0
44.0	26.0	4968.0
43.0	26.0	5048.0
42.0	26.0	5161.0
41.0	26.0	5141.0
40.0	26.0	4860.0
39.0	26.0	4568.0
38.0	26.0	4374.0
37.0	26.0	4280.0
36.0	26.0	4165.0
35.0	26.0	4113.0
34.0	26.0	3686.0
33.0	26.0	3354.0
32.0	26.0	3086.0
31.0	26.0	2945.0
30.0	26.0	2705.0
29.0	26.0	2664.0
28.0	26.0	2543.0
27.0	26.0	2290.0
26.0	26.0	2225.0
25.0	26.0	1924.0
24.0	26.0	2032.0
23.0	26.0	1876.0
22.0	26.0	1961.0
21.0	26.0	1820.0
20.0	26.0	1808.0
19.0	26.0	1741.0
18.0	26.0	1675.0
17.0	26.0	1784.0
16.0	26.0	1846.0
15.0	26.0	1851.0
14.0	26.0	1875.0
13.0	26.0	1823.0
12.0	26.0	1794.0
11.0	26.0	1938.0
10.0	26.0	1849.0
9.0	26.0	2001.0
8.0	26.0	1963.0
8.0	27.0	1835.0
9.0	27.0	1846.0
10.0	27.0	1751.0
11.0	27.0	1876.0
12.0	27.0	1863.0
13.0	27.0	1830.0
14.0	27.0	1858.0
15.0	27.0	1815.0
16.0	27.0	1771.0
17.0	27.0	1650.0
18.0	27.0	1597.0
19.0	27.0	1697.0
20.0	27.0	1635.0
21.0	27.0	1775.0
22.0	27.0	1845.0
23.0	27.0	1819.0
24.0	27.0	1798.0
25.0	27.0	1899.0
26.0	27.0	1925.0
27.0	27.0	2086.0
28.0	27.0	2174.0
29.0	27.0	2257.0
30.0	27.0	2318.0
31.0	27.0	2442.0
32.0	27.0	2648.0
33.0	27.0	2836.0
34.0	27.0	2876.0
35.0	27.0	3083.0
36.0	27.0	3053.0
37.0	27.0	3207.0
38.0	27.0	3285.0
39.0	27.0	3463.0
40.0	27.0	3765.0
41.0	27.0	3736.0
42.0	27.0	3801.0
43.0	27.0	3771.0
44.0	27.0	3760.0
45.0	27.0	3571.0
46.0	27.0	3477.0
47.0	27.0	3613.0
48.0	27.0	3362.0
49.0	27.0	2979.0
50.0	27.0	2791.0
51.0	27.0	2515.0
52.0	27.0	2334.0
53.0	27.0	2182.0
54.0	27.0	1903.0
55.0	27.0	1719.0
56.0	27.0	1628.0
57.0	27.0	1570.0
58.0	27.0	1502.0
59.0	27.0	1509.0
60.0	27.0	1504.0
61.0	27.0	1357.0
62.0	27.0	1366.0
63.0	27.0	1376.0
64.0	27.0	1330.0
65.0	27.0	1379.0
66.0	27.0	1306.0
67.0	27.0	1295.0
68.0	27.0	1323.0
68.0	28.0	1216.0
67.0	28.0	1255.0
66.0	28.0	1275.0
65.0	28.0	1302.0
64.0	28.0	1333.0
63.0	28.0	1345.0
62.0	28.0	1383.0
61.0	28.0	1344.0
60.0	28.0	1328.0
59.0	28.0	1415.0
58.0	28.0	1455.0
57.0	28.0	1405.0
56.0	28.0	1625.0
55.0	28.0	1618.0
54.0	28.0	1757.0
53.0	28.0	1860.0
52.0	28.0	2056.0
51.0	28.0	2093.0
50.0	28.0	2483.0
49.0	28.0	2536.0
48.0	28.0	2680.0
47.0	28.0	2871.0
46.0	28.0	2843.0
45.0	28.0	2800.0
44.0	28.0	2876.0
43.0	28.0	2957.0
42.0	28.0	3143.0
41.0	28.0	2990.0
40.0	28.0	2910.0
39.0	28.0	2863.0
38.0	28.0	2664.0
37.0	28.0	2569.0
36.0	28.0	2553.0
35.0	28.0	2596.0
34.0	28.0	2360.0
33.0	28.0	2264.0
32.0	28.0	2221.0
31.0	28.0	2193.0
30.0	28.0	2160.0
29.0	28.0	1932.0
28.0	28.0	1951.0
27.0	28.0	1854.0
26.0	28.0	1950.0
25.0	28.0	1814.0
24.0	28.0	1838.0
23.0	28.0	1778.0
22.0	28.0	1731.0
21.0	28.0	1684.0
20.0	28.0	1600.0
19.0	28.0	1615.0
18.0	28.0	1537.0
17.0	28.0	1676.0
16.0	28.0	1810.0
15.0	28.0	1712.0
14.0	28.0	1777.0
13.0	28.0	1702.0
12.0	28.0	1712.0
11.0	28.0	1684.0
10.0	28.0	1641.0
9.0	28.0	1733.0
8.0	28.0	1707.0
8.0	29.0	1744.0
9.0	29.0	1749.0
10.0	29.0	1643.0
11.0	29.0	1732.0
12.0	29.0	1671.0
13.0	29.0	1694.0
14.0	29.0	1658.0
15.0	29.0	1620.0
16.0	29.0	1570.0
17.0	29.0	1530.0
18.0	29.0	1581.0
19.0	29.0	1604.0
20.0	29.0	1646.0
21.0	29.0	1710.0
22.0	29.0	1802.0
23.0	29.0	1786.0
24.0	29.0	1766.0
25.0	29.0	1858.0
26.0	29.0	1756.0
27.0	29.0	1799.0
28.0	29.0	1763.0
29.0	29.0	1874.0
30.0	29.0	1810.0
31.0	29.0	1980.0
32.0	29.0	1996.0
33.0	29.0	2021.0
34.0	29.0	1991.0
35.0	29.0	2064.0
36.0	29.0	2112.0
37.0	29.0	2125.0
38.0	29.0	2373.0
39.0	29.0	2426.0
40.0	29.0	2433.0
41.0	29.0	2442.0
42.0	29.0	2468.0
43.0	29.0	2384.0
44.0	29.0	2526.0
45.0	29.0	2446.0
46.0	29.0	2465.0
47.0	29.0	2370.0
48.0	29.0	2264.0
49.0	29.0	2149.0
50.0	29.0	1968.0
51.0	29.0	1847.0
52.0	29.0	1805.0
53.0	29.0	1759.0
54.0	29.0	1679.0
55.0	29.0	1561.0
56.0	29.0	1520.0
57.0	29.0	1432.0
58.0	29.0	1445.0
59.0	29.0	1447.0
60.0	29.0	1363.0
61.0	29.0	1279.0
62.0	29.0	1460.0
63.0	29.0	1324.0
64.0	29.0	1378.0
65.0	29.0	1377.0
66.0	29.0	1259.0
67.0	29.0	1250.0
68.0	29.0	1290.0
68.0	30.0	1297.0
67.0	30.0	1376.0
66.0	30.0	1379.0
65.0	30.0	1363.0
64.0	30.0	1289.0
63.0	30.0	1384.0
62.0	30.0	1294.0
61.0	30.0	1413.0
60.0	30.0	1364.0
59.0	30.0	1513.0
58.0	30.0	1452.0
57.0	30.0	1370.0
56.0	30.0	1435.0
55.0	30.0	1496.0
54.0	30.0	1673.0
53.0	30.0	1622.0
52.0	30.0	1603.0
51.0	30.0	1792.0
50.0	30.0	1827.0
49.0	30.0	1838.0
48.0	30.0	2093.0
47.0	30.0	2183.0
46.0	30.0	2129.0
45.0	30.0	2161.0
44.0	30.0	2186.0
43.0	30.0	2207.0
42.0	30.0	2211.0
41.0	30.0	2180.0
40.0	30.0	2183.0
39.0	30.0	2120.0
38.0	30.0	2058.0
37.0	30.0	2112.0
36.0	30.0	1935.0
35.0	30.0	1931.0
34.0	30.0	1885.0
33.0	30.0	1873.0
32.0	30.0	1870.0
31.0	30.0	1860.0
30.0	30.0	1846.0
29.0	30.0	1725.0
28.0	30.0	1754.0
27.0	30.0	1774.0
26.0	30.0	1766.0
25.0	30.0	1801.0
24.0	30.0	1767.0
23.0	30.0	1854.0
22.0	30.0	1840.0
21.0	30.0	1728.0
20.0	30.0	1763.0
19.0	30.0	1585.0
18.0	30.0	1734.0
17.0	30.0	1725.0
16.0	30.0	1745.0
15.0	30.0	1686.0
14.0	30.0	1635.0
13.0	30.0	1668.0
12.0	30.0	1618.0
11.0	30.0	1610.0
10.0	30.0	1684.0
9.0	30.0	1667.0
8.0	30.0	1694.0
8.0	31.0	1713.0
9.0	31.0	1682.0
10.0	31.0	1635.0
11.0	31.0	1651.0
12.0	31.0	1540.0
13.0	31.0	1693.0
14.0	31.0	1635.0
15.0	31.0	1703.0
16.0	31.0	1603.0
17.0	31.0	1645.0
18.0	31.0	1682.0
19.0	31.0	1677.0
20.0	31.0	1770.0
21.0	31.0	1728.0
22.0	31.0	1728.0
23.0	31.0	1822.0
24.0	31.0	1773.0
25.0	31.0	1727.0
26.0	31.0	1825.0
27.0	31.0	1744.0
28.0	31.0	1758.0
29.0	31.0	1830.0
30.0	31.0	1692.0
31.0	31.0	1768.0
32.0	31.0	1775.0
33.0	31.0	1805.0
34.0	31.0	1842.0
35.0	31.0	1732.0
36.0	31.0	1863.0
37.0	31.0	1826.0
38.0	31.0	1994.0
39.0	31.0	1998.0
40.0	31.0	2009.0
41.0	31.0	1974.0
42.0	31.0	2017.0
43.0	31.0	1946.0
44.0	31.0	2044.0
45.0	31.0	1973.0
46.0	31.0	1943.0
47.0	31.0	1883.0
48.0	31.0	1839.0
49.0	31.0	1669.0
50.0	31.0	1679.0
51.0	31.0	1605.0
52.0	31.0	1556.0
53.0	31.0	1550.0
54.0	31.0	1503.0
55.0	31.0	1495.0
56.0	31.0	1450.0
57.0	31.0	1520.0
58.0	31.0	1429.0
59.0	31.0	1439.0
60.0	31.0	1448.0
61.0	31.0	1413.0
62.0	31.0	1349.0
63.0	31.0	1347.0
64.0	31.0	1348.0
65.0	31.0	1379.0
66.0	31.0	1379.0
67.0	31.0	1290.0
68.0	31.0	1371.0
68.0	32.0	1330.0
67.0	32.0	1334.0
66.0	32.0	1355.0
65.0	32.0	1338.0
64.0	32.0	1350.0
63.0	32.0	1273.0
62.0	32.0	1360.0
61.0	32.0	1360.0
60.0	32.0	1348.0
59.0	32.0	1387.0
58.0	32.0	1443.0
57.0	32.0	1361.0
56.0	32.0	1386.0
55.0	32.0	1406.0
54.0	32.0	1416.0
53.0	32.0	1451.0
52.0	32.0	1599.0
51.0	32.0	1532.0
50.0	32.0	1636.0
49.0	32.0	1734.0
48.0	32.0	1748.0
47.0	32.0	1750.0
46.0	32.0	1799.0
45.0	32.0	1846.0
44.0	32.0	1886.0
43.0	32.0	1868.0
42.0	32.0	1808.0
41.0	32.0	1826.0
40.0	32.0	1833.0
39.0	32.0	1863.0
38.0	32.0	1810.0
37.0	32.0	1770.0
36.0	32.0	1719.0
35.0	32.0	1714.0
34.0	32.0	1703.0
33.0	32.0	1631.0
32.0	32.0	1691.0
31.0	32.0	1727.0
30.0	32.0	1731.0
29.0	32.0	1677.0
28.0	32.0	1693.0
27.0	32.0	1739.0
26.0	32.0	1747.0
25.0	32.0	1780.0
24.0	32.0	1734.0
23.0	32.0	1736.0
22.0	32.0	1756.0
21.0	32.0	1811.0
20.0	32.0	1669.0
19.0	32.0	1670.0
18.0	32.0	1639.0
17.0	32.0	1683.0
16.0	32.0	1694.0
15.0	32.0	1726.0
14.0	32.0	1751.0
13.0	32.0	1714.0
12.0	32.0	1682.0
11.0	32.0	1593.0
10.0	32.0	1739.0
9.0	32.0	1698.0
8.0	32.0	1701.0
8.0	33.0	1674.0
9.0	33.0	1662.0
10.0	33.0	1688.0
11.0	33.0	1697.0
12.0	33.0	1596.0
13.0	33.0	1572.0
14.0	33.0	1708.0
15.0	33.0	1596.0
16.0	33.0	1571.0
17.0	33.0	1600.0
18.0	33.0	1636.0
19.0	33.0	1572.0
20.0	33.0	1634.0
21.0	33.0	1731.0
22.0	33.0	1646.0
23.0	33.0	1627.0
24.0	33.0	1724.0
25.0	33.0	1747.0
26.0	33.0	1770.0
27.0	33.0	1716.0
28.0	33.0	1704.0
29.0	33.0	1621.0
30.0	33.0	1681.0
31.0	33.0	1663.0
32.0	33.0	1579.0
33.0	33.0	1521.0
34.0	33.0	1544.0
35.0	33.0	1692.0
36.0	33.0	1668.0
37.0	33.0	1664.0
38.0	33.0	1699.0
39.0	33.0	1720.0
40.0	33.0	1564.0
41.0	33.0	1699.0
42.0	33.0	1734.0
43.0	33.0	1731.0
44.0	33.0	1747.0
45.0	33.0	1766.0
46.0	33.0	1659.0
47.0	33.0	1614.0
48.0	33.0	1612.0
49.0	33.0	1634.0
50.0	33.0	1624.0
51.0	33.0	1509.0
52.0	33.0	1505.0
53.0	33.0	1521.0
54.0	33.0	1407.0
55.0	33.0	1329.0
56.0	33.0	1390.0
57.0	33.0	1388.0
58.0	33.0	1362.0
59.0	33.0	1388.0
60.0	33.0	1328.0
61.0	33.0	1358.0
62.0	33.0	1239.0
63.0	33.0	1275.0
64.0	33.0	1361.0
65.0	33.0	1324.0
66.0	33.0	1291.0
67.0	33.0	1341.0
68.0	33.0	1259.0
68.0	34.0	1298.0
67.0	34.0	1260.0
66.0	34.0	1287.0
65.0	34.0	1281.0
64.0	34.0	1282.0
63.0	34.0	1289.0
62.0	34.0	1250.0
61.0	34.0	1405.0
60.0	34.0	1266.0
59.0	34.0	1347.0
58.0	34.0	1297.0
57.0	34.0	1352.0
56.0	34.0	1293.0
55.0	34.0	1347.0
54.0	34.0	1402.0
53.0	34.0	1351.0
52.0	34.0	1448.0
51.0	34.0	1498.0
50.0	34.0	1488.0
49.0	34.0	1545.0
48.0	34.0	1521.0
47.0	34.0	1528.0
46.0	34.0	1585.0
45.0	34.0	1600.0
44.0	34.0	1542.0
43.0	34.0	1592.0
42.0	34.0	1665.0
41.0	34.0	1620.0
40.0	34.0	1588.0
39.0	34.0	1607.0
38.0	34.0	1582.0
37.0	34.0	1595.0
36.0	34.0	1544.0
35.0	34.0	1549.0
34.0	34.0	1555.0
33.0	34.0	1634.0
32.0	34.0	1648.0
31.0	34.0	1600.0
30.0	34.0	1654.0
29.0	34.0	1684.0
28.0	34.0	1631.0
27.0	34.0	1647.0
26.0	34.0	1653.0
25.0	34.0	1733.0
24.0	34.0	1647.0
23.0	34.0	1726.0
22.0	34.0	1690.0
21.0	34.0	1622.0
20.0	34.0	1681.0
19.0	34.0	1619.0
18.0	34.0	1728.0
17.0	34.0	1677.0
16.0	34.0	1642.0
15.0	34.0	1622.0
14.0	34.0	1669.0
13.0	34.0	1615.0
12.0	34.0	1662.0
11.0	34.0	1799.0
10.0	34.0	1712.0
9.0	34.0	1630.0
8.0	34.0	1740.0
8.0	35.0	1729.0
9.0	35.0	1775.0
10.0	35.0	1676.0
11.0	35.0	1677.0
12.0	35.0	1561.0
13.0	35.0	1759.0
14.0	35.0	1645.0
15.0	35.0	1630.0
16.0	35.0	1631.0
17.0	35.0	1533.0
18.0	35.0	1669.0
19.0	35.0	1653.0
20.0	35.0	1611.0
21.0	35.0	1631.0
22.0	35.0	1664.0
23.0	35.0	1775.0
24.0	35.0	1713.0
25.0	35.0	1665.0
26.0	35.0	1717.0
27.0	35.0	1607.0
28.0	35.0	1642.0
29.0	35.0	1671.0
30.0	35.0	1667.0
31.0	35.0	1570.0
32.0	35.0	1702.0
33.0	35.0	1690.0
34.0	35.0	1563.0
35.0	35.0	1622.0
36.0	35.0	1636.0
37.0	35.0	1642.0
38.0	35.0	1691.0
39.0	35.0	1693.0
40.0	35.0	1696.0
41.0	35.0	1694.0
42.0	35.0	1606.0
43.0	35.0	1605.0
44.0	35.0	1639.0
45.0	35.0	1565.0
46.0	35.0	1520.0
47.0	35.0	1572.0
48.0	35.0	1577.0
49.0	35.0	1572.0
50.0	35.0	1462.0
51.0	35.0	1392.0
52.0	35.0	1421.0
53.0	35.0	1416.0
54.0	35.0	1377.0
55.0	35.0	1386.0
56.0	35.0	1387.0
57.0	35.0	1380.0
58.0	35.0	1360.0
59.0	35.0	1408.0
60.0	35.0	1318.0
61.0	35.0	1339.0
62.0	35.0	1303.0
63.0	35.0	1336.0
64.0	35.0	1311.0
65.0	35.0	1324.0
66.0	35.0	1317.0
67.0	35.0	1350.0
68.0	35.0	1348.0
68.0	36.0	1296.0
67.0	36.0	1271.0
66.0	36.0	1312.0
65.0	36.0	1351.0
64.0	36.0	1354.0
63.0	36.0	1456.0
62.0	36.0	1456.0
61.0	36.0	1334.0
60.0	36.0	1371.0
59.0	36.0	1363.0
58.0	36.0	1314.0
57.0	36.0	1413.0
56.0	36.0	1380.0
55.0	36.0	1412.0
54.0	36.0	1338.0
53.0	36.0	1498.0
52.0	36.0	1522.0
51.0	36.0	1504.0
50.0	36.0	1485.0
49.0	36.0	1436.0
48.0	36.0	1507.0
47.0	36.0	1544.0
46.0	36.0	1635.0
45.0	36.0	1481.0
44.0	36.0	1675.0
43.0	36.0	1633.0
42.0	36.0	1555.0
41.0	36.0	1602.0
40.0	36.0	1706.0
39.0	36.0	1611.0
38.0	36.0	1644.0
37.0	36.0	1647.0
36.0	36.0	1650.0
35.0	36.0	1510.0
34.0	36.0	1575.0
33.0	36.0	1659.0
32.0	36.0	1587.0
31.0	36.0	1603.0
30.0	36.0	1600.0
29.0	36.0	1652.0
28.0	36.0	1594.0
27.0	36.0	1549.0
26.0	36.0	1635.0
25.0	36.0	1770.0
24.0	36.0	1621.0
23.0	36.0	1689.0
22.0	36.0	1583.0
21.0	36.0	1616.0
20.0	36.0	1632.0
19.0	36.0	1532.0
18.0	36.0	1609.0
17.0	36.0	1635.0
16.0	36.0	1617.0
15.0	36.0	1699.0
14.0	36.0	1660.0
13.0	36.0	1642.0
12.0	36.0	1620.0
11.0	36.0	1617.0
10.0	36.0	1568.0
9.0	36.0	1514.0
8.0	36.0	1561.0
8.0	37.0	1658.0
9.0	37.0	1593.0
10.0	37.0	1532.0
11.0	37.0	1557.0
12.0	37.0	1616.0
13.0	37.0	1603.0
14.0	37.0	1584.0
15.0	37.0	1636.0
16.0	37.0	1654.0
17.0	37.0	1633.0
18.0	37.0	1603.0
19.0	37.0	1564.0
20.0	37.0	1596.0
21.0	37.0	1593.0
22.0	37.0	1576.0
23.0	37.0	1693.0
24.0	37.0	1714.0
25.0	37.0	1640.0
26.0	37.0	1579.0
27.0	37.0	1537.0
28.0	37.0	1725.0
29.0	37.0	1537.0
30.0	37.0	1654.0
31.0	37.0	1704.0
32.0	37.0	1645.0
33.0	37.0	1658.0
34.0	37.0	1648.0
35.0	37.0	1623.0
36.0	37.0	1527.0
37.0	37.0	1623.0
38.0	37.0	1576.0
39.0	37.0	1598.0
40.0	37.0	1667.0
41.0	37.0	1546.0
42.0	37.0	1541.0
43.0	37.0	1547.0
44.0	37.0	1524.0
45.0	37.0	1605.0
46.0	37.0	1487.0
47.0	37.0	1470.0
48.0	37.0	1603.0
49.0	37.0	1563.0
50.0	37.0	1372.0
51.0	37.0	1467.0
52.0	37.0	1473.0
53.0	37.0	1351.0
54.0	37.0	1360.0
55.0	37.0	1332.0
56.0	37.0	1444.0
57.0	37.0	1430.0
58.0	37.0	1382.0
59.0	37.0	1288.0
60.0	37.0	1299.0
61.0	37.0	1365.0
62.0	37.0	1288.0
63.0	37.0	1323.0
64.0	37.0	1413.0
65.0	37.0	1380.0
66.0	37.0	1328.0
67.0	37.0	1239.0
68.0	37.0	1216.0
68.0	38.0	1291.0
67.0	38.0	1298.0
66.0	38.0	1272.0
65.0	38.0	1284.0
64.0	38.0	1318.0
63.0	38.0	1341.0
62.0	38.0	1387.0
61.0	38.0	1288.0
60.0	38.0	1376.0
59.0	38.0	1429.0
58.0	38.0	1403.0
57.0	38.0	1421.0
56.0	38.0	1457.0
55.0	38.0	1334.0
54.0	38.0	1395.0
53.0	38.0	1383.0
52.0	38.0	1486.0
51.0	38.0	1443.0
50.0	38.0	1451.0
49.0	38.0	1497.0
48.0	38.0	1451.0
47.0	38.0	1481.0
46.0	38.0	1473.0
45.0	38.0	1497.0
44.0	38.0	1499.0
43.0	38.0	1502.0
42.0	38.0	1626.0
41.0	38.0	1504.0
40.0	38.0	1601.0
39.0	38.0	1540.0
38.0	38.0	1576.0
37.0	38.0	1578.0
36.0	38.0	1569.0
35.0	38.0	1576.0
34.0	38.0	1547.0
33.0	38.0	1573.0
32.0	38.0	1644.0
31.0	38.0	1620.0
30.0	38.0	1608.0
29.0	38.0	1582.0
28.0	38.0	1608.0
27.0	38.0	1553.0
26.0	38.0	1572.0
25.0	38.0	1632.0
24.0	38.0	1526.0
23.0	38.0	1597.0
22.0	38.0	1612.0
21.0	38.0	1564.0
20.0	38.0	1518.0
19.0	38.0	1510.0
18.0	38.0	1713.0
17.0	38.0	1556.0
16.0	38.0	1662.0
15.0	38.0	1742.0
14.0	38.0	1646.0
13.0	38.0	1712.0
12.0	38.0	1662.0
11.0	38.0	1656.0
10.0	38.0	1668.0
9.0	38.0	1660.0
8.0	38.0	1723.0
8.0	39.0	1704.0
9.0	39.0	1694.0
10.0	39.0	1754.0
11.0	39.0	1561.0
12.0	39.0	1711.0
13.0	39.0	1725.0
14.0	39.0	1712.0
15.0	39.0	1666.0
16.0	39.0	1650.0
17.0	39.0	1609.0
18.0	39.0	1596.0
19.0	39.0	1517.0
20.0	39.0	1423.0
21.0	39.0	1510.0
22.0	39.0	1588.0
23.0	39.0	1645.0
24.0	39.0	1507.0
25.0	39.0	1576.0
26.0	39.0	1523.0
27.0	39.0	1548.0
28.0	39.0	1477.0
29.0	39.0	1572.0
30.0	39.0	1611.0
31.0	39.0	1603.0
32.0	39.0	1558.0
33.0	39.0	1632.0
34.0	39.0	1570.0
35.0	39.0	1584.0
36.0	39.0	1603.0
37.0	39.0	1598.0
38.0	39.0	1602.0
39.0	39.0	1573.0
40.0	39.0	1502.0
41.0	39.0	1448.0
42.0	39.0	1467.0
43.0	39.0	1501.0
44.0	39.0	1413.0
45.0	39.0	1441.0
46.0	39.0	1513.0
47.0	39.0	1500.0
48.0	39.0	1389.0
49.0	39.0	1450.0
50.0	39.0	1478.0
51.0	39.0	1414.0
52.0	39.0	1368.0
53.0	39.0	1407.0
54.0	39.0	1418.0
55.0	39.0	1381.0
56.0	39.0	1288.0
57.0	39.0	1385.0
58.0	39.0	1275.0
59.0	39.0	1295.0
60.0	39.0	1335.0
61.0	39.0	1250.0
62.0	39.0	1264.0
63.0	39.0	1326.0
64.0	39.0	1278.0
65.0	39.0	1190.0
66.0	39.0	1211.0
67.0	39.0	1256.0
68.0	39.0	1214.0
