# Integration time (s): 0.1
# X	Y	Counts
-1.0	-16.0	7052.0
1.0	-16.0	7865.0
3.0	-16.0	8341.0
5.0	-16.0	8993.0
7.0	-16.0	8634.0
9.0	-16.0	8423.0
11.0	-16.0	8813.0
13.0	-16.0	7983.0
15.0	-16.0	7816.0
17.0	-16.0	7139.0
19.0	-16.0	6828.0
21.0	-16.0	6369.0
23.0	-16.0	5791.0
25.0	-16.0	5644.0
27.0	-16.0	5389.0
29.0	-16.0	5114.0
29.0	-14.0	6556.0
27.0	-14.0	6778.0
25.0	-14.0	6961.0
23.0	-14.0	7929.0
21.0	-14.0	8826.0
19.0	-14.0	9416.0
17.0	-14.0	10403.0
15.0	-14.0	11236.0
13.0	-14.0	11932.0
11.0	-14.0	11912.0
9.0	-14.0	12129.0
7.0	-14.0	12068.0
5.0	-14.0	12162.0
3.0	-14.0	11510.0
1.0	-14.0	10269.0
-1.0	-14.0	8799.0
-1.0	-12.0	10788.0
1.0	-12.0	13901.0
3.0	-12.0	16251.0
5.0	-12.0	18145.0
7.0	-12.0	18533.0
9.0	-12.0	18206.0
11.0	-12.0	18306.0
13.0	-12.0	18554.0
15.0	-12.0	17065.0
17.0	-12.0	16393.0
19.0	-12.0	15041.0
21.0	-12.0	13229.0
23.0	-12.0	12005.0
25.0	-12.0	11059.0
27.0	-12.0	10112.0
29.0	-12.0	9015.0
29.0	-10.0	14942.0
27.0	-10.0	16322.0
25.0	-10.0	18699.0
23.0	-10.0	20079.0
21.0	-10.0	22736.0
19.0	-10.0	24238.0
17.0	-10.0	25801.0
15.0	-10.0	26802.0
13.0	-10.0	28678.0
11.0	-10.0	29645.0
9.0	-10.0	29283.0
7.0	-10.0	27936.0
5.0	-10.0	26151.0
3.0	-10.0	21562.0
1.0	-10.0	17731.0
-1.0	-10.0	14027.0
-1.0	-8.0	18576.0
1.0	-8.0	24071.0
3.0	-8.0	29368.0
5.0	-8.0	37291.0
7.0	-8.0	42685.0
9.0	-8.0	45220.0
11.0	-8.0	43412.0
13.0	-8.0	45598.0
15.0	-8.0	44000.0
17.0	-8.0	41844.0
19.0	-8.0	38973.0
21.0	-8.0	36718.0
23.0	-8.0	35178.0
25.0	-8.0	32065.0
27.0	-8.0	27882.0
29.0	-8.0	24918.0
29.0	-6.0	43894.0
27.0	-6.0	48219.0
25.0	-6.0	52648.0
23.0	-6.0	57559.0
21.0	-6.0	61171.0
19.0	-6.0	63064.0
17.0	-6.0	65025.0
15.0	-6.0	65954.0
13.0	-6.0	66312.0
11.0	-6.0	69505.0
9.0	-6.0	81891.0
7.0	-6.0	85097.0
5.0	-6.0	51609.0
3.0	-6.0	39845.0
1.0	-6.0	30961.0
-1.0	-6.0	21416.0
-1.0	-4.0	21272.0
1.0	-4.0	30896.0
3.0	-4.0	46134.0
5.0	-4.0	70452.0
7.0	-4.0	119626.0
9.0	-4.0	212981.0
11.0	-4.0	142857.0
13.0	-4.0	111363.0
15.0	-4.0	101277.0
17.0	-4.0	98217.0
19.0	-4.0	95179.0
21.0	-4.0	94906.0
23.0	-4.0	91464.0
25.0	-4.0	87287.0
27.0	-4.0	79901.0
29.0	-4.0	72695.0
29.0	-2.0	116497.0
27.0	-2.0	127680.0
25.0	-2.0	135584.0
23.0	-2.0	141288.0
21.0	-2.0	150895.0
19.0	-2.0	146611.0
17.0	-2.0	153771.0
15.0	-2.0	153765.0
13.0	-2.0	184893.0
11.0	-2.0	223564.0
9.0	-2.0	193922.0
7.0	-2.0	89400.0
5.0	-2.0	57377.0
3.0	-2.0	39698.0
1.0	-2.0	27696.0
-1.0	-2.0	20515.0
-1.0	0.0	14783.0
1.0	0.0	22328.0
3.0	0.0	33285.0
5.0	0.0	44755.0
7.0	0.0	61209.0
9.0	0.0	90769.0
11.0	0.0	117902.0
13.0	0.0	149251.0
15.0	0.0	168733.0
17.0	0.0	211337.0
19.0	0.0	234145.0
21.0	0.0	275396.0
23.0	0.0	247137.0
25.0	0.0	221060.0
27.0	0.0	204512.0
29.0	0.0	186954.0
29.0	2.0	334888.0
27.0	2.0	343136.0
25.0	2.0	332818.0
23.0	2.0	348577.0
21.0	2.0	358392.0
19.0	2.0	295710.0
17.0	2.0	213618.0
15.0	2.0	156257.0
13.0	2.0	116318.0
11.0	2.0	86599.0
9.0	2.0	64452.0
7.0	2.0	47252.0
5.0	2.0	33494.0
3.0	2.0	23556.0
1.0	2.0	16275.0
-1.0	2.0	10750.0
-1.0	4.0	8485.0
1.0	4.0	12401.0
3.0	4.0	17883.0
5.0	4.0	25832.0
7.0	4.0	36539.0
9.0	4.0	52131.0
11.0	4.0	71575.0
13.0	4.0	99386.0
15.0	4.0	136164.0
17.0	4.0	198960.0
19.0	4.0	292395.0
21.0	4.0	346289.0
23.0	4.0	353571.0
25.0	4.0	372213.0
27.0	4.0	436429.0
29.0	4.0	479160.0
29.0	6.0	497552.0
27.0	6.0	446984.0
25.0	6.0	386208.0
23.0	6.0	361396.0
21.0	6.0	298842.0
19.0	6.0	210467.0
17.0	6.0	146552.0
15.0	6.0	105515.0
13.0	6.0	76500.0
11.0	6.0	54365.0
9.0	6.0	38164.0
7.0	6.0	26374.0
5.0	6.0	17187.0
3.0	6.0	11799.0
1.0	6.0	8373.0
-1.0	6.0	5675.0
-1.0	8.0	4654.0
1.0	8.0	5838.0
3.0	8.0	8130.0
5.0	8.0	11779.0
7.0	8.0	17407.0
9.0	8.0	25562.0
11.0	8.0	39124.0
13.0	8.0	57040.0
15.0	8.0	78832.0
17.0	8.0	106792.0
19.0	8.0	145736.0
21.0	8.0	195127.0
23.0	8.0	274443.0
25.0	8.0	362243.0
27.0	8.0	422461.0
29.0	8.0	465350.0
29.0	10.0	395765.0
27.0	10.0	335696.0
25.0	10.0	246639.0
23.0	10.0	179872.0
21.0	10.0	135141.0
19.0	10.0	101450.0
17.0	10.0	76191.0
15.0	10.0	55101.0
13.0	10.0	37359.0
11.0	10.0	24609.0
9.0	10.0	16611.0
7.0	10.0	11415.0
5.0	10.0	8286.0
3.0	10.0	6175.0
1.0	10.0	4790.0
-1.0	10.0	3966.0
-1.0	12.0	3505.0
1.0	12.0	4226.0
3.0	12.0	5111.0
5.0	12.0	6338.0
7.0	12.0	8101.0
9.0	12.0	11155.0
11.0	12.0	16059.0
13.0	12.0	23854.0
15.0	12.0	34733.0
17.0	12.0	49009.0
19.0	12.0	68937.0
21.0	12.0	90615.0
23.0	12.0	121270.0
25.0	12.0	157470.0
27.0	12.0	206651.0
29.0	12.0	274969.0
29.0	14.0	164090.0
27.0	14.0	128172.0
25.0	14.0	101430.0
23.0	14.0	78219.0
21.0	14.0	58255.0
19.0	14.0	42196.0
17.0	14.0	29600.0
15.0	14.0	19726.0
13.0	14.0	14277.0
11.0	14.0	9980.0
9.0	14.0	7431.0
7.0	14.0	6040.0
5.0	14.0	5049.0
3.0	14.0	4404.0
1.0	14.0	3837.0
-1.0	14.0	3329.0
